0.0751830, 0.0000000, 1.3456062, 1.3456062, -0.0368729, 0.5163989 
 0.0519746, 0.0000000, 1.5606872, 1.5606872, 1.0198287, 0.4566068 
 0.0681569, 0.0003676, 1.7372795, 1.7372794, 1.1448031, 0.4997835 
 0.0580322, 0.0000000, 2.0876785, 2.0876785, -0.1264688, 0.4736982 
 0.0565144, 0.0000000, 2.2974084, 2.2974084, -0.5025361, 0.4695317 
 0.0535490, 0.0004600, 2.3648954, 2.3648952, -1.1760718, 0.4611715 
 0.0878807, 0.0025433, 2.6417704, 2.6417618, 0.4591758, 0.5439718 
 0.0576097, 0.0044978, 2.7613711, 2.7613431, 0.0480461, 0.4725456 
 0.0792291, 0.0006421, 2.8733778, 2.8733772, -1.0282350, 0.5255011 
 0.0568674, 0.0023582, 2.9667990, 2.9667908, 1.2434186, 0.4705073 
 0.0515952, 0.0007020, 3.0835309, 3.0835301, -1.4577219, 0.4554929 
 0.0915979, 0.0020255, 3.2599288, 3.2599221, -0.2523134, 0.5515359 
 0.0728908, 0.0058141, 3.3956828, 3.3956254, -0.6930089, 0.5110964 
 0.0827137, 0.0022769, 3.5560448, 3.5560356, -0.1525397, 0.5330949 
 0.0782802, 0.0040709, 3.7967277, 3.7966962, 0.3207771, 0.5233947 
 0.0718194, 0.0030607, 3.9539667, 3.9539482, -0.3339821, 0.5085800 
 0.0507344, 0.0016722, 4.2375248, 4.2375188, 1.2257264, 0.4529457 
 0.9883896, 0.0009912, 4.5675919, 4.5675897, 0.8383336, 1.2187689 
 0.4023161, 0.0033544, 4.9239544, 4.9239267, -0.9263409, 0.9032358 
 0.6721627, 0.0003182, 5.4264942, 5.4264939, 0.1799383, 1.0717746 
 0.2047750, 0.0010113, 6.0769391, 6.0769359, -0.9775761, 0.7211700 
 0.0525552, 0.0232733, 7.4797803, 7.4777543, 0.2042905, 0.4583008 
 0.0908116, 0.0213254, 7.8798214, 7.8780294, -1.1065517, 0.5499533 
 