0.0751830, 0.0000000, 1.3456056, 1.3456056, 0.9184221, 0.5163989 
 0.0519746, 0.0004597, 1.5606874, 1.5606872, -0.3024669, 0.4566068 
 0.0681569, 0.0000000, 1.7372816, 1.7372816, 1.3031669, 0.4997835 
 0.0580322, 0.0000000, 2.0876604, 2.0876604, 0.8893852, 0.4736982 
 0.0565144, 0.0000000, 2.2974266, 2.2974266, -0.3645704, 0.4695317 
 0.0535490, 0.0003645, 2.3649061, 2.3649060, 1.4777432, 0.4611715 
 0.0878807, 0.0000000, 2.6417609, 2.6417609, -0.5645950, 0.5439718 
 0.0576097, 0.0000000, 2.7615525, 2.7615525, -0.7666867, 0.4725456 
 0.0792291, 0.0000000, 2.8734211, 2.8734211, 0.0784399, 0.5255011 
 0.0568674, 0.0000000, 2.9665817, 2.9665817, 0.4306252, 0.4705073 
 0.0515952, 0.0004815, 3.0835320, 3.0835317, -0.7342016, 0.4554929 
 0.0915979, 0.0000000, 3.2613731, 3.2613731, -0.6220347, 0.5515359 
 0.0728908, 0.0006094, 3.3957224, 3.3957218, 1.2949413, 0.5110964 
 0.0827137, 0.0000000, 3.5544371, 3.5544371, 0.8173789, 0.5330949 
 0.0782802, 0.0005754, 3.7974072, 3.7974066, 0.5255859, 0.5233947 
 0.0718194, 0.0006550, 3.9525037, 3.9525028, -0.9164925, 0.5085800 
 0.0507344, 0.0000000, 4.2382418, 4.2382418, 0.7677176, 0.4529457 
 0.9883896, 0.0000000, 4.5674503, 4.5674503, 0.3411575, 1.2187689 
 0.4023161, 0.0013141, 4.9245678, 4.9245636, 1.4585637, 0.9032358 
 0.6721627, 0.0004101, 5.4265996, 5.4265992, -0.8087498, 1.0717746 
 0.2047750, 0.0000000, 6.0771792, 6.0771792, -0.6852944, 0.7211700 
 0.0525552, 0.0000000, 7.5714065, 7.5714065, -0.0290575, 0.4583008 
 0.0908116, 0.0000000, 7.8160556, 7.8160556, 1.5174156, 0.5499533 
 