0.8613543, 0.0022506, 0.4978028, 0.4978015, 0.6865597, 1.1641419 
 1.3476662, 0.0000000, 1.4738836, 1.4738836, -0.6852343, 1.3514690 
 1.2956217, 0.0000000, 2.5934190, 2.5934190, -0.6214988, 1.3338430 
 1.5166074, 0.0000000, 3.0399106, 3.0399106, 0.3904599, 1.4057337 
 0.9914152, 0.0000000, 6.4426032, 6.4426032, -0.3410392, 1.2200113 
 0.5351594, 0.0006028, 7.0107923, 7.0107911, -0.3406708, 0.9933593 
 0.1160891, 0.0000000, 8.8296943, 8.8296943, 1.2295626, 0.5968646 
 0.0917658, 0.0000000, 9.2402096, 9.2402096, -0.1627817, 0.5518727 
 0.0524416, 0.0000000, 10.4487509, 10.4487509, 1.1420496, 0.4579702 
 0.0600511, 0.0000000, 11.0275742, 11.0275742, -0.5767867, 0.4791289 
 