0.8613543, 0.0006688, 0.4978002, 0.4978001, -1.0356779, 1.1641419 
 1.3476662, 0.0000000, 1.4739033, 1.4739033, -0.0236533, 1.3514690 
 1.2956217, 0.0003228, 2.5933835, 2.5933833, 1.0842856, 1.3338430 
 1.5166074, 0.0000000, 3.0399271, 3.0399271, -0.2446978, 1.4057337 
 0.9914152, 0.0003484, 6.4402571, 6.4402567, 1.1528580, 1.2200113 
 0.5351594, 0.0006357, 7.0152892, 7.0152877, 0.1644435, 0.9933593 
 0.1160891, 0.0007108, 8.8294965, 8.8294943, 0.5547538, 0.5968646 
 0.0917658, 0.0003776, 9.2403904, 9.2403898, -0.8603335, 0.5518727 
 0.0524416, 0.0004700, 10.4489669, 10.4489658, -0.3566271, 0.4579702 
 0.0600511, 0.0000000, 11.0275517, 11.0275517, -0.9653321, 0.4791289 
 