16677.64865 , 0.00099 , 2.09820 , 2.09820 , 0.44852, 25.69837, 
 16.77876 , 0.99651 , 15.61245 , 1.30402 , 0.52566, 30.11836, 
 3.53060 , 0.34341 , 5.85388 , 5.49788 , 0.13319, 7.63116, 
 2.63042 , 0.54182 , 6.36739 , 5.35174 , -0.54560, -31.26066, 
 1.94886 , 0.42860 , 8.00292 , 7.23061 , 0.49176, 28.17588, 
 1.17734 , 0.52897 , 8.50121 , 7.21449 , -0.59504, -34.09326, 
 0.80233 , 0.73380 , 22.29379 , 15.14572 , -0.65573, -37.57045, 
 0.76919 , 0.67551 , 20.54462 , 15.14856 , -0.64575, -36.99897, 
 0.28877 , 1.59231 , 8.19301 , 10.15227 , 0.25322, 14.50861, 
 0.13492 , 0.67015 , 10.22157 , 7.58675 , 0.37694, 21.59735, 
 0.11968 , 0.69347 , 10.55362 , 7.60374 , -0.78456, -44.95214, 
 0.11300 , 0.65668 , 11.88749 , 8.96517 , 0.56663, 32.46541, 
 0.05569 , 0.47836 , 16.06309 , 14.10603 , -0.59424, -34.04730, 
 