17848.3002040, 0.0177052, 0.8047656, 0.8046395, 0.7659984, 31.9750286 
 480.3539110, 0.0405176, 4.1709488, 4.1675237, 0.6120387, 9.5822118 
 4.1540544, 0.0354695, 7.1952738, 7.1907462, -1.1140470, 1.9668416 
 3.4620871, 0.0366680, 8.0678033, 8.0623777, -1.4269342, 1.8509356 
 2.5585174, 0.0346292, 9.3482451, 9.3426383, -0.0577916, 1.6734322 
 2.1343295, 0.0961530, 10.5427483, 10.4938992, 1.3071180, 1.5753092 
 0.8212852, 0.0906154, 12.8280616, 12.7752866, 0.4361322, 1.1458031 
 0.6497807, 0.0838189, 13.7077335, 13.6594960, 1.3110287, 1.0597439 
 0.5783368, 0.0303567, 14.5881121, 14.5813888, 0.3125655, 1.0193866 
 0.2162513, 0.0142043, 15.3937596, 15.3922066, -1.4267271, 0.7343982 
 0.3145845, 0.0472519, 16.1241608, 16.1061503, 0.2530677, 0.8321298 
 0.0808436, 0.0943787, 18.8928651, 18.8085342, 1.2463178, 0.5290465 
 