33556.16303 , 0.03617 , 1.57373 , 1.57270 , -0.49110, -28.13784, 
 3309.74665 , 0.54879 , 4.88241 , 4.08150 , -0.39940, -22.88390, 
 2.58359 , 0.96273 , 132.88364 , 35.94235 , -0.38524, -22.07278, 
 1.65223 , 2.04956 , 3.63781 , 6.50824 , 0.41852, 23.97971, 
 0.94471 , 0.80024 , 8.11941 , 4.86906 , -0.27307, -15.64554, 
 0.71599 , 0.74168 , 9.80048 , 6.57376 , 0.77008, 44.12219, 
 0.21916 , 2.25523 , 3.66184 , 7.40204 , -0.72227, -41.38301, 
 0.16176 , 0.81363 , 9.86579 , 5.73574 , 0.33469, 19.17656, 
 0.17408 , 1.71723 , 8.78834 , 12.26875 , -0.51909, -29.74171, 
 0.06449 , 0.84627 , 9.77134 , 5.20576 , 0.27501, 15.75690, 
 0.05360 , 2.71849 , 2.91610 , 7.37156 , 0.73042, 41.85004, 
 0.07119 , 0.77192 , 45.96303 , 29.21949 , 0.60891, 34.88803, 
 