33556.16303 , 0.02150 , 1.57075 , 1.57039 , 0.09939, 5.69437, 
 3309.74665 , 0.48884 , 5.09376 , 4.44367 , 0.62723, 35.93768, 
 1.65821 , 0.65464 , 11.03139 , 8.33907 , 0.63634, 36.45975, 
 0.21916 , 0.85607 , 8.60587 , 4.44800 , 0.12972, 7.43227, 
 0.16176 , 2.51773 , 2.89121 , 6.68050 , -0.39993, -22.91444, 
 0.17408 , 1.30327 , 23.52826 , 19.66409 , 0.09425, 5.40036, 
 0.06449 , 0.78465 , 12.66069 , 7.84892 , -0.61723, -35.36458, 
 0.05360 , 0.85700 , 8.39558 , 4.32642 , 0.75327, 43.15926, 
 0.07119 , 0.85895 , 8.63055 , 4.41943 , 0.37823, 21.67104, 
 0.00083 , 1.28525 , 26.86504 , 21.69028 , 0.02030, 1.16294, 
 