12340.37358 , 0.00459 , 0.60403 , 0.60402 , 0.26222, 15.02437, 
 5.61817 , 0.46688 , 5.03434 , 4.45197 , 0.21175, 12.13230, 
 4.19846 , 2.22943 , 2.09116 , 4.16681 , -0.51761, -29.65671, 
 2.05942 , 2.03468 , 3.57970 , 6.34315 , 0.24125, 13.82248, 
 0.80098 , 0.93590 , 4.91625 , 1.73178 , 0.27542, 15.78056, 
 0.48971 , 3.00239 , 1.90324 , 5.38799 , 0.32440, 18.58674, 
 0.50588 , 0.96316 , 4.63832 , 1.24736 , -0.01795, -1.02864, 
 0.18905 , 0.93093 , 6.70389 , 2.44820 , -0.15524, -8.89439, 
 0.16622 , 0.97083 , 4.95535 , 1.18814 , 0.38436, 22.02232, 
 0.06077 , 0.96989 , 5.31419 , 1.29424 , 0.18696, 10.71220, 
 