12340.37358 , 0.00456 , 0.60403 , 0.60402 , 0.53083, 30.41407, 
 5.61817 , 0.62763 , 4.36616 , 3.39910 , 0.11697, 6.70180, 
 4.19846 , 0.82797 , 4.70707 , 2.63959 , -0.55391, -31.73695, 
 2.05942 , 0.82669 , 6.39103 , 3.59600 , -0.01864, -1.06797, 
 0.80098 , 1.83921 , 5.81275 , 8.97253 , -0.55553, -31.82963, 
 0.48971 , 3.33291 , 1.50951 , 4.79928 , 0.77494, 44.40078, 
 0.50588 , 2.24785 , 4.22652 , 8.50869 , -0.52010, -29.79934, 
 0.18905 , 0.96644 , 4.72384 , 1.21348 , 0.42440, 24.31617, 
 0.16622 , 1.35846 , 24.12346 , 22.18052 , -0.01396, -0.79967, 
 0.06077 , 5.46139 , 0.75421 , 4.04941 , -0.06342, -3.63381, 
 