2.0446774, 0.0115070, 0.4268319, 0.4268036, -1.2920211, 1.5529361 
 2.1985336, 0.0000000, 1.3282067, 1.3282067, -0.0332723, 1.5909494 
 2.4329443, 0.0008379, 1.7547156, 1.7547150, -1.3736326, 1.6455941 
 0.7527699, 0.0021855, 8.8696703, 8.8696491, 1.4202087, 1.1130109 
 0.7622791, 0.0027279, 9.5093055, 9.5092701, 0.2850169, 1.1176779 
 0.3655093, 0.0009738, 10.9235125, 10.9235073, 0.7687750, 0.8748054 
 0.1558320, 0.0000000, 11.9948487, 11.9948487, 0.3489045, 0.6584117 
 0.2094027, 0.0006083, 12.5067281, 12.5067257, 0.6742919, 0.7265621 
 0.1262756, 0.0014632, 13.2084816, 13.2084675, 0.8553685, 0.6138352 
 0.0861051, 0.0013858, 14.0172771, 14.0172636, -0.2491046, 0.5402833 
 0.1072524, 0.0008945, 14.6708416, 14.6708357, 0.5755200, 0.5813188 
 0.0666108, 0.0010686, 15.4567125, 15.4567036, 0.0906054, 0.4959755 
 