2.0446774, 0.0005438, 0.4267760, 0.4267759, -0.9388733, 1.5529361 
 2.1985336, 0.0012659, 1.3281884, 1.3281873, 0.8622754, 1.5909494 
 2.4329443, 0.0010184, 1.7547363, 1.7547354, 1.0523886, 1.6455941 
 0.7527699, 0.0000000, 8.8700133, 8.8700133, -0.5974050, 1.1130109 
 0.7622791, 0.0000000, 9.5095166, 9.5095166, 1.3009171, 1.1176779 
 0.3655093, 0.0003225, 10.9221972, 10.9221966, 1.3044717, 0.8748054 
 0.1558320, 0.0003465, 11.9949797, 11.9949790, -0.6364195, 0.6584117 
 0.2094027, 0.0000000, 12.5079390, 12.5079390, -0.1669524, 0.7265621 
 0.1262756, 0.0004117, 13.2070568, 13.2070557, -0.2290334, 0.6138352 
 0.0861051, 0.0000000, 14.0153406, 14.0153406, 0.3508405, 0.5402833 
 0.1072524, 0.0000000, 14.6710916, 14.6710916, -0.4009019, 0.5813188 
 0.0666108, 0.0000000, 15.4558402, 15.4558402, -0.0872877, 0.4959755 
 