16677.6486467, 0.0007235, 2.0982431, 2.0982426, -1.3622235, 31.2600927 
 3.5306008, 0.1386982, 6.5430595, 6.4798188, -0.0977404, 1.8630658 
 2.6304191, 0.0908410, 7.8835462, 7.8509509, -0.2625396, 1.6889636 
 1.9488619, 0.0759682, 9.1990237, 9.1724407, -1.0647559, 1.5282897 
 1.1773350, 0.0356968, 10.4127076, 10.4060712, -0.6925809, 1.2919489 
 0.8023273, 0.0894770, 11.4138359, 11.3680537, 1.1430189, 1.1369181 
 0.7691874, 0.1075322, 12.4954008, 12.4229475, 1.1231245, 1.1210441 
 0.2887703, 0.0204537, 13.6015148, 13.5986694, -1.3382366, 0.8087162 
 0.1349160, 0.0295072, 14.3509500, 14.3447011, 0.2932313, 0.6275280 
 0.1196782, 0.0810070, 15.3408322, 15.2904151, -0.7756523, 0.6029533 
 0.1129959, 0.1150470, 16.5603642, 16.4504043, 0.4513434, 0.5915157 
 0.0556927, 0.1073222, 18.0110164, 17.9069900, -0.1718605, 0.4672451 
 