3.4714798, 0.0007305, 2.1614268, 2.1614262, 0.5929636, 1.8526080 
 3.5123046, 0.0004924, 3.3762043, 3.3762039, -0.5696071, 1.8598420 
 2.9112322, 0.0021359, 4.8264447, 4.8264336, 0.6152956, 1.7470457 
 2.4674908, 0.0014423, 5.4672798, 5.4672742, 0.4001349, 1.6533463 
 1.6102653, 0.0016012, 6.7219966, 6.7219880, 1.5078267, 1.4340946 
 1.3389346, 0.0008473, 7.6661831, 7.6661803, 1.2008155, 1.3485440 
 0.6341360, 0.0012789, 8.4589036, 8.4588967, 1.0065778, 1.0511696 
 0.4527688, 0.0005245, 9.1422231, 9.1422219, -1.5358035, 0.9395159 
 0.2171971, 0.0004684, 10.2554931, 10.2554920, -1.1063429, 0.7354673 
 0.1061192, 0.0000000, 10.8783622, 10.8783622, -0.6766085, 0.5792642 
 0.1739410, 0.0003784, 11.3627109, 11.3627101, -0.6464574, 0.6829873 
 0.0642100, 0.0000000, 11.8364671, 11.8364671, 1.4580829, 0.4899438 
 0.0690092, 0.0000000, 12.3072030, 12.3072030, 1.4409335, 0.5018582 
 0.0696230, 0.0000000, 12.7450378, 12.7450378, 0.0752497, 0.5033417 
 