3.4714798, 0.0010734, 2.1614255, 2.1614243, 1.0359441, 1.8526080 
 3.5123046, 0.0110293, 3.3600004, 3.3597960, -0.7893595, 1.8598420 
 2.9112322, 0.1550546, 5.8387038, 5.7680899, 1.4022339, 1.7470457 
 2.4674908, 0.0581940, 5.5141393, 5.5047944, -1.3121255, 1.6533463 
 1.6102653, 0.0755402, 4.4085517, 4.3959554, -0.0989147, 1.4340946 
 1.3389346, 0.0292827, 7.7169111, 7.7136019, 0.7495984, 1.3485440 
 0.6341360, 0.0985297, 9.2909171, 9.2457086, -0.2328178, 1.0511696 
 0.5199010, 0.0624695, 10.3882215, 10.3679320, -1.1967265, 0.9838273 
 0.1061192, 0.1052900, 11.3711126, 11.3079069, -0.9130488, 0.5792642 
 0.1739410, 0.0240666, 11.8858471, 11.8824045, 0.8137492, 0.6829873 
 0.0642100, 0.9251829, 57.0048481, 21.6345695, -1.4767621, 0.4899438 
 0.0690092, 0.0318370, 13.0179945, 13.0113953, 1.3660633, 0.5018582 
 0.0006227, 0.4267773, 9.2798586, 8.3923029, -0.4643181, 0.1044803 
 0.0006227, 0.9430874, 16.1417776, 5.3678653, -1.3992859, 0.1044803 
 