0.7975046, 0.0039242, 0.4932525, 0.4932487, -1.4417231, 1.1346355 
 0.6545343, 0.0003883, 1.4630991, 1.4630990, 1.2388476, 1.0623219 
 1.9463481, 0.0000000, 2.3985340, 2.3985340, -1.3121368, 1.5276323 
 1.5871471, 0.0000000, 3.3903238, 3.3903238, 0.6332667, 1.4271985 
 0.7833879, 0.0000000, 5.0136625, 5.0136625, -0.2013626, 1.1279009 
 0.6724295, 0.0000000, 5.7379224, 5.7379224, -0.2248091, 1.0719164 
 0.4941851, 0.0005042, 6.5359266, 6.5359257, -0.7157199, 0.9673312 
 0.3941952, 0.0008580, 7.0779663, 7.0779637, -1.1198895, 0.8971170 
 0.5948205, 0.0000000, 7.5800198, 7.5800198, -1.0927288, 1.0289809 
 0.1866836, 0.0000000, 8.3277033, 8.3277033, -1.1671908, 0.6992741 
 0.0840316, 0.0003678, 9.2649186, 9.2649180, -1.4088229, 0.5359112 
 0.1135091, 0.0000000, 9.9233556, 9.9233556, 0.0465058, 0.5924098 
 0.1072570, 0.0000000, 10.3615186, 10.3615186, 1.1160134, 0.5813271 
 0.0585665, 0.0003921, 10.7843916, 10.7843908, 0.0799678, 0.4751475 
 