0.7975046, 0.0060849, 0.4932633, 0.4932541, -1.4116172, 1.1346355 
 0.6545343, 0.0000000, 1.4631025, 1.4631025, -0.9117501, 1.0623219 
 1.9463481, 0.0000000, 2.3985336, 2.3985336, 1.4870688, 1.5276323 
 1.5871471, 0.0000000, 3.3903221, 3.3903221, 0.2236929, 1.4271985 
 0.7833879, 0.0030279, 5.0135830, 5.0135601, -0.5340618, 1.1279009 
 0.6724295, 0.0019439, 5.7380212, 5.7380103, -1.0341092, 1.0719164 
 0.4941851, 0.0080736, 6.5327031, 6.5324902, -0.7567697, 0.9673312 
 0.3941952, 0.0055181, 7.0711900, 7.0710824, -0.9102775, 0.8971170 
 0.5948205, 0.0126987, 7.5864092, 7.5857975, -0.8136952, 1.0289809 
 0.1866836, 0.0056601, 8.3301324, 8.3299990, -0.9810033, 0.6992741 
 0.0840316, 0.0106351, 9.2736505, 9.2731261, 0.8772503, 0.5359112 
 0.1135091, 0.0120156, 9.9231482, 9.9224319, -0.0169303, 0.5924098 
 0.1072570, 0.0043191, 10.3333273, 10.3332309, -1.5445769, 0.5813271 
 0.0585665, 0.0261292, 10.8648247, 10.8611151, -0.2763731, 0.4751475 
 