0.4568072, 0.0000000, 1.4386912, 1.4386912, 1.0136465, 0.9423010 
 0.1452971, 0.0000000, 1.8791024, 1.8791024, 0.4986996, 0.6432270 
 0.2079641, 0.0003546, 2.0109130, 2.0109128, 0.1343668, 0.7248944 
 0.2434650, 0.0003858, 2.1862624, 2.1862622, -0.9674037, 0.7639956 
 0.2002002, 0.0004130, 2.4333659, 2.4333657, 0.1036174, 0.7157590 
 0.3513866, 0.0016515, 2.6716306, 2.6716270, -0.1587106, 0.8633900 
 0.5713923, 0.0013997, 2.9211862, 2.9211834, -0.3890447, 1.0152900 
 0.2395539, 0.0010523, 3.2433749, 3.2433731, 0.2146537, 0.7598825 
 0.3329598, 0.0005449, 3.6942109, 3.6942103, 0.5631959, 0.8480261 
 0.2194604, 0.0008180, 3.9203019, 3.9203006, 0.0021293, 0.7380131 
 0.1424998, 0.0000000, 4.4955419, 4.4955419, -1.4542857, 0.6390724 
 0.1328512, 0.0007385, 4.7497379, 4.7497366, 0.6948328, 0.6243102 
 0.0711200, 0.0010039, 4.9344613, 4.9344588, -1.4736977, 0.5069237 
 0.0565093, 0.0009520, 5.1310966, 5.1310943, -0.2291836, 0.4695177 
 0.0509925, 0.0006875, 5.2820010, 5.2819998, 1.4529320, 0.4537124 
 0.0572877, 0.0000000, 5.6844643, 5.6844643, -1.5019969, 0.4716638 
 