0.4572450, 0.0020260, 1.4378105, 1.4378075, -0.8708527, 0.9426019 
 0.1452971, 0.0014135, 1.8790049, 1.8790030, 0.6385170, 0.6432270 
 0.2079641, 0.0013724, 2.0110481, 2.0110462, 1.1695110, 0.7248944 
 0.2434650, 0.0008838, 2.1862357, 2.1862348, 0.1719530, 0.7639956 
 0.2002002, 0.0022359, 2.4335755, 2.4335694, -1.0329872, 0.7157590 
 0.3513866, 0.0067445, 2.6711739, 2.6711131, 1.4229285, 0.8633900 
 0.5713923, 0.0029806, 2.9214336, 2.9214206, 1.5247464, 1.0152900 
 0.2399917, 0.0062450, 3.2269789, 3.2269160, 0.2647335, 0.7603451 
 0.3329598, 0.0066469, 3.6935699, 3.6934883, -0.1107714, 0.8480261 
 0.2194604, 0.0033562, 3.9170260, 3.9170040, 0.0015693, 0.7380131 
 0.1424998, 0.0149182, 4.5105310, 4.5100291, -0.3610419, 0.6390724 
 0.1328512, 0.0056796, 4.6984185, 4.6983427, 1.1954779, 0.6243102 
 0.1258782, 0.0158832, 5.0336362, 5.0330012, -1.0266441, 0.6131906 
 0.0509925, 0.0103791, 5.4709731, 5.4706784, 0.2471127, 0.4537124 
 0.0572877, 0.0344093, 5.6008537, 5.5975370, 0.2465636, 0.4716638 
 