0.06717 , 0.00396 , 0.87511 , 0.87510 , -0.71562, -41.00199, 
 0.13073 , 0.00314 , 0.99148 , 0.99148 , -0.52512, -30.08711, 
 0.09684 , 0.00249 , 1.30727 , 1.30726 , -0.23331, -13.36754, 
 0.05830 , 0.00280 , 1.66797 , 1.66797 , -0.41638, -23.85686, 
 0.12095 , 0.00615 , 1.75031 , 1.75027 , -0.72780, -41.69961, 
 0.07107 , 0.00232 , 1.87652 , 1.87652 , -0.06590, -3.77605, 
 0.09403 , 0.00835 , 1.94675 , 1.94668 , -0.50496, -28.93207, 
 0.07206 , 0.00600 , 2.02551 , 2.02548 , 0.01743, 0.99883, 
 0.08665 , 0.01257 , 2.10642 , 2.10626 , 0.73796, 42.28201, 
 0.11185 , 0.01255 , 2.18551 , 2.18534 , -0.60645, -34.74710, 
 0.10837 , 0.00302 , 2.29432 , 2.29431 , -0.43205, -24.75491, 
 0.09038 , 0.01216 , 2.42085 , 2.42067 , 0.20300, 11.63106, 
 0.08454 , 0.00389 , 2.69430 , 2.69428 , 0.74444, 42.65324, 
 1.04659 , 0.00254 , 2.83951 , 2.83950 , -0.05020, -2.87624, 
 2.22285 , 0.00490 , 3.52912 , 3.52908 , 0.27884, 15.97623, 
 1.90442 , 0.00606 , 4.08964 , 4.08957 , 0.44130, 25.28462, 
 1.24848 , 0.00641 , 4.61372 , 4.61363 , 0.48310, 27.67970, 
 0.69022 , 0.00267 , 5.33487 , 5.33486 , -0.77644, -44.48665, 
 0.31308 , 0.00610 , 5.89793 , 5.89782 , -0.42417, -24.30291, 
 0.40879 , 0.00567 , 6.28337 , 6.28327 , -0.41460, -23.75472, 
 0.18899 , 0.00736 , 6.65171 , 6.65153 , -0.40275, -23.07566, 
 0.14053 , 0.01114 , 6.91263 , 6.91220 , 0.25394, 14.54947, 
 0.09418 , 0.00768 , 7.17898 , 7.17877 , -0.77144, -44.20046, 
 0.08300 , 0.00907 , 7.92842 , 7.92809 , 0.44318, 25.39242, 
 