0.06717 , 0.00116 , 0.87504 , 0.87504 , -0.35365, -20.26277, 
 0.13073 , 0.00132 , 0.99152 , 0.99152 , 0.61794, 35.40509, 
 0.09684 , 0.00337 , 1.30729 , 1.30728 , -0.12907, -7.39500, 
 0.05830 , 0.01090 , 1.66731 , 1.66721 , 0.61533, 35.25608, 
 0.12095 , 0.00551 , 1.74880 , 1.74877 , -0.49013, -28.08242, 
 0.07107 , 0.00539 , 1.88562 , 1.88559 , -0.41089, -23.54248, 
 0.09403 , 0.00903 , 1.93428 , 1.93420 , -0.58089, -33.28244, 
 0.07206 , 0.01048 , 2.04087 , 2.04076 , -0.28094, -16.09691, 
 0.08665 , 0.01167 , 2.09992 , 2.09978 , -0.63455, -36.35676, 
 0.11185 , 0.00591 , 2.18686 , 2.18682 , 0.02000, 1.14570, 
 0.10837 , 0.01545 , 2.29284 , 2.29256 , 0.27874, 15.97049, 
 0.09038 , 0.00903 , 2.42081 , 2.42071 , 0.62714, 35.93247, 
 1.12812 , 0.00858 , 2.82777 , 2.82767 , 0.55264, 31.66371, 
 2.22285 , 0.01431 , 3.52536 , 3.52500 , -0.61993, -35.51946, 
 1.90442 , 0.01948 , 4.08794 , 4.08717 , 0.12754, 7.30723, 
 1.24848 , 0.01708 , 4.62966 , 4.62898 , 0.75392, 43.19637, 
 0.69022 , 0.00809 , 5.33415 , 5.33397 , 0.70952, 40.65268, 
 0.31308 , 0.00295 , 5.89399 , 5.89396 , -0.35684, -20.44568, 
 0.40879 , 0.00837 , 6.28486 , 6.28464 , -0.66879, -38.31901, 
 0.18899 , 0.01472 , 6.65648 , 6.65576 , -0.52524, -30.09405, 
 0.14053 , 0.00709 , 6.91273 , 6.91256 , 0.26052, 14.92688, 
 0.09418 , 0.00847 , 7.17753 , 7.17727 , -0.73354, -42.02866, 
 0.08300 , 0.00708 , 7.92893 , 7.92874 , 0.60636, 34.74172, 
 0.00076 , 0.59643 , 1.79673 , 1.44217 , -0.56042, -32.10946, 
 0.00076 , 0.73752 , 1.71544 , 1.15848 , -0.05980, -3.42647, 
 