14.5067095, 0.0078773, 0.4500287, 0.4500147, 1.2052387, 2.9840193 
 6.3413318, 0.0022257, 2.7414353, 2.7414285, -1.3323769, 2.2646729 
 5.1748551, 0.0015870, 3.5030136, 3.5030092, -0.7958116, 2.1163040 
 4.0733009, 0.0066093, 4.1607491, 4.1606582, 0.0419952, 1.9540132 
 3.3982506, 0.0065876, 4.9474755, 4.9473681, 0.2548406, 1.8394887 
 3.5583858, 0.0121943, 6.5792374, 6.5787482, 0.9729401, 1.8679403 
 1.3802780, 0.0226490, 7.9913740, 7.9893240, -0.1832175, 1.3622835 
 0.3645814, 0.0094278, 9.3210866, 9.3206724, -1.0453086, 0.8740645 
 0.1933051, 0.0057027, 10.2791597, 10.2789926, -0.1345651, 0.7074457 
 0.1667040, 0.0363620, 11.2626903, 11.2552422, 0.8935679, 0.6733808 
 0.1416276, 0.0242988, 10.6533928, 10.6502473, -1.1787452, 0.6377658 
 0.1633428, 0.0437739, 12.2053152, 12.1936160, -1.3425083, 0.6688243 
 0.0971664, 0.0137427, 12.4309605, 12.4297866, -1.4226963, 0.5624932 
 0.0748511, 0.0034042, 13.4780483, 13.4779702, -0.0174708, 0.5156379 
 