14.5067095, 0.0081099, 0.4500309, 0.4500161, -1.1300840, 2.9840193 
 6.3413318, 0.0013237, 2.7410265, 2.7410241, -1.1240827, 2.2646729 
 5.1748551, 0.0018758, 3.5046500, 3.5046438, 1.0603555, 2.1163040 
 4.0733009, 0.0012193, 4.1605985, 4.1605954, 1.5550042, 1.9540132 
 3.3982506, 0.0007249, 4.9460464, 4.9460451, 1.1265897, 1.8394887 
 3.5583858, 0.0005038, 6.5860751, 6.5860742, -0.6040544, 1.8679403 
 1.3802780, 0.0015588, 7.9626314, 7.9626218, 0.4640164, 1.3622835 
 0.3645814, 0.0000000, 9.3212153, 9.3212153, 0.9923348, 0.8740645 
 0.1933051, 0.0011752, 10.2908743, 10.2908672, -0.2893021, 0.7074457 
 0.1667040, 0.0004530, 10.8532947, 10.8532936, 0.6156642, 0.6733808 
 0.1416276, 0.0003265, 11.4226964, 11.4226958, -1.4311609, 0.6377658 
 0.1633428, 0.0000000, 11.9044463, 11.9044463, -1.2029282, 0.6688243 
 0.0971664, 0.0000000, 12.3974605, 12.3974605, 0.1656672, 0.5624932 
 0.0748511, 0.0000000, 13.4692442, 13.4692442, 0.7734308, 0.5156379 
 