4.8533524, 0.0000000, 5.6503516, 5.6503516, 1.5283644, 2.0715365 
 2.5061712, 0.0012860, 9.3576521, 9.3576444, -0.3673810, 1.6619409 
 1.9285959, 0.0020376, 10.5013813, 10.5013595, -0.3890259, 1.5229737 
 1.5996814, 0.0009554, 11.8041940, 11.8041886, -1.4922944, 1.4309457 
 1.1809110, 0.0007745, 13.1114414, 13.1114374, -0.6958554, 1.2932556 
 0.8802283, 0.0010588, 14.2849815, 14.2849735, -1.5069868, 1.1725835 
 0.7034022, 0.0007134, 15.6277789, 15.6277749, 0.2935622, 1.0881278 
 0.2221564, 0.0000000, 18.1880598, 18.1880598, -1.2755450, 0.7410229 
 0.1986842, 0.0003458, 19.0972136, 19.0972125, -1.4925443, 0.7139478 
 0.0844585, 0.0000000, 20.0206921, 20.0206921, -0.1226081, 0.5368172 
 0.0558606, 0.0000000, 21.0111525, 21.0111525, 0.7522901, 0.4677141 
 