0.1816167, 0.0159322, 0.4016259, 0.4015750, -0.4317088, 0.6928893 
 0.0603606, 0.0008557, 0.8122538, 0.8122535, -0.3254337, 0.4799506 
 0.0503089, 0.0000000, 0.9633938, 0.9633938, 1.1275333, 0.4516758 
 0.0502699, 0.0013873, 0.9975919, 0.9975910, -1.1931615, 0.4515592 
 0.1909973, 0.0000000, 1.0310207, 1.0310207, -0.3403438, 0.7046191 
 0.0501758, 0.0006030, 1.2913195, 1.2913192, -0.3053369, 0.4512772 
 0.1493215, 0.0005014, 1.3692058, 1.3692056, 1.1794051, 0.6491116 
 0.1067788, 0.0000000, 1.4827164, 1.4827164, 0.7068627, 0.5804619 
 0.0500732, 0.0000000, 1.6320054, 1.6320054, -0.0636937, 0.4509693 
 0.0512599, 0.0003723, 1.6742427, 1.6742425, 0.8214353, 0.4545043 
 0.0606757, 0.0007696, 1.8609823, 1.8609817, -0.2278158, 0.4807843 
 0.0783257, 0.0004836, 1.9109662, 1.9109660, -0.0687109, 0.5234961 
 0.1943950, 0.0000000, 2.0100669, 2.0100669, 1.4299023, 0.7087727 
 0.1647659, 0.0000000, 2.1328654, 2.1328654, -0.1102376, 0.6707609 
 0.2813920, 0.0006054, 2.4199425, 2.4199420, 0.6262482, 0.8017689 
 0.2126654, 0.0010104, 2.6506486, 2.6506473, 1.2334461, 0.7303162 
 0.2257033, 0.0008853, 2.8074866, 2.8074855, -0.3941372, 0.7449457 
 0.1335769, 0.0041412, 3.0324154, 3.0323894, -0.7977686, 0.6254450 
 2.5990094, 0.0000000, 3.2782192, 3.2782192, 0.3880125, 1.6822141 
 2.9570406, 0.0000000, 5.7958723, 5.7958723, 0.4402944, 1.7561614 
 2.0558205, 0.0003281, 7.1938264, 7.1938260, 0.4368530, 1.5557520 
 0.5323175, 0.0004078, 8.2858848, 8.2858841, 0.6861209, 0.9915978 
 0.3588383, 0.0008529, 8.7230470, 8.7230439, -1.5463090, 0.8694507 
 0.4547462, 0.0000000, 9.4914117, 9.4914117, 1.4372551, 0.9408817 
 0.1691520, 0.0004332, 10.2807033, 10.2807023, -0.4847878, 0.6766608 
 0.1389256, 0.0003636, 10.7685996, 10.7685989, -1.1193003, 0.6336840 
 0.1659763, 0.0000000, 11.2375790, 11.2375790, 0.7373623, 0.6723995 
 0.0597353, 0.0000000, 12.0548186, 12.0548186, 1.2693032, 0.4782874 
 0.0654430, 0.0000000, 12.9767598, 12.9767598, -0.6677179, 0.4930599 
 