0.1816167, 0.0045865, 0.4015321, 0.4015278, -0.3551103, 0.6928893 
 0.0603606, 0.0012955, 0.8122496, 0.8122489, -1.4842671, 0.4799506 
 0.0503089, 0.0010302, 0.9634120, 0.9634115, 0.7582402, 0.4516758 
 0.0502699, 0.0004335, 0.9975477, 0.9975476, -0.2862939, 0.4515592 
 0.1909973, 0.0004022, 1.0310359, 1.0310359, -0.0324703, 0.7046191 
 0.0501758, 0.0000000, 1.2913282, 1.2913282, 0.0009814, 0.4512772 
 0.1493215, 0.0008101, 1.3692007, 1.3692002, 1.5234867, 0.6491116 
 0.1067788, 0.0006178, 1.4827206, 1.4827203, 1.5161258, 0.5804619 
 0.0500732, 0.0007080, 1.6318704, 1.6318700, -1.2505610, 0.4509693 
 0.0512599, 0.0010742, 1.6743955, 1.6743945, 0.8901441, 0.4545043 
 0.0606757, 0.0019737, 1.8610199, 1.8610163, -0.0516945, 0.4807843 
 0.0783257, 0.0000000, 1.9107813, 1.9107813, -1.0865737, 0.5234961 
 0.1943950, 0.0009342, 2.0101171, 2.0101162, 1.0757015, 0.7087727 
 0.1647659, 0.0014456, 2.1328871, 2.1328849, -1.1522560, 0.6707609 
 0.2813920, 0.0022986, 2.4188507, 2.4188443, -0.7874757, 0.8017689 
 0.2126654, 0.0074235, 2.6503508, 2.6502778, 0.6719070, 0.7303162 
 0.2257033, 0.0049674, 2.8096330, 2.8095984, 1.0547423, 0.7449457 
 0.1335769, 0.0154057, 3.0276295, 3.0272702, 0.9970724, 0.6254450 
 2.5990094, 0.0008569, 3.2785446, 3.2785434, 0.1286447, 1.6822141 
 2.9570406, 0.0000000, 5.7957877, 5.7957877, -0.0505519, 1.7561614 
 2.0558205, 0.0000000, 7.1935920, 7.1935920, -0.6618246, 1.5557520 
 0.5323175, 0.0014539, 8.2878826, 8.2878738, 1.4607797, 0.9915978 
 0.3588383, 0.0027046, 8.7222271, 8.7221952, -1.5124027, 0.8694507 
 0.4547462, 0.0009839, 9.4909701, 9.4909655, 0.9023711, 0.9408817 
 0.1691520, 0.0035574, 10.2791644, 10.2790994, 0.5435448, 0.6766608 
 0.1389256, 0.0010704, 10.7686418, 10.7686356, 1.2958425, 0.6336840 
 0.1659763, 0.0023012, 11.2370700, 11.2370403, 0.4044480, 0.6723995 
 0.0597353, 0.0088449, 12.0637954, 12.0633235, -1.4979491, 0.4782874 
 0.0654430, 0.0009586, 12.9766198, 12.9766138, 1.2270982, 0.4930599 
 