4.2050880, 0.0007699, 8.9525804, 8.9525777, 0.8759888, 1.9748632 
 2.3572595, 0.0049935, 12.6345527, 12.6343952, 0.3275706, 1.6283501 
 1.3295634, 0.0096894, 14.0846119, 14.0839507, -0.7662711, 1.3453904 
 1.0903864, 0.0172066, 15.7374298, 15.7351000, -1.0848614, 1.2593278 
 0.5981293, 0.0212026, 17.0830979, 17.0792576, -0.9505253, 1.0308853 
 0.3764413, 0.0048555, 18.3598459, 18.3596295, 0.0780020, 0.8834414 
 0.2788398, 0.0068169, 19.4655768, 19.4651246, -0.7465480, 0.7993376 
 0.0808529, 0.0143823, 20.7455208, 20.7433751, 1.0287095, 0.5290668 
 0.1169404, 0.1039410, 24.9217426, 24.7867532, -1.4821129, 0.5983200 
 0.0602793, 0.0350898, 24.2215013, 24.2065848, -0.7024860, 0.4797349 
 0.0005746, 0.5999073, 24.9233457, 19.9404092, -0.4547847, 0.1017177 
 0.0005746, 0.9088967, 22.7043488, 9.4681993, 1.3726615, 0.1017177 
 0.0005746, 0.6823576, 15.7073808, 11.4823871, 0.5009530, 0.1017177 
 