4.2050880, 0.0000000, 8.9527573, 8.9527573, -0.4331074, 1.9748632 
 2.3572595, 0.0000000, 12.6345751, 12.6345751, -1.4577448, 1.6283501 
 1.3295634, 0.0000000, 14.0862443, 14.0862443, 0.1138041, 1.3453904 
 1.0903864, 0.0000000, 15.7212633, 15.7212633, 0.6260524, 1.2593278 
 0.5981293, 0.0000000, 16.8755118, 16.8755118, -0.7741856, 1.0308853 
 0.2851057, 0.0003783, 18.5571428, 18.5571414, 1.1769704, 0.8052807 
 0.2788398, 0.0000000, 19.5099892, 19.5099892, -0.3128901, 0.7993376 
 0.0808529, 0.0000000, 20.8751707, 20.8751707, -1.3388157, 0.5290668 
 0.0936339, 0.0000000, 21.5880961, 21.5880961, 1.5011049, 0.5555925 
 0.1169404, 0.0000000, 22.3556314, 22.3556314, -0.1844174, 0.5983200 
 0.0602793, 0.0000000, 24.2707195, 24.2707195, -0.1799449, 0.4797349 
 