0.0671719, 0.0139596, 0.8746712, 0.8745860, -0.9543455, 0.4973641 
 0.1307296, 0.0201440, 0.9916478, 0.9914466, 0.1203863, 0.6209690 
 0.0968412, 0.0104259, 1.3106324, 1.3105612, -1.3249176, 0.5618650 
 0.5757411, 0.5842881, 7.2489022, 5.8828199, -1.3192115, 1.0178592 
 0.2266551, 0.7045007, 6.9613545, 4.9404965, -1.3400424, 0.7459914 
 1.1281160, 0.0907639, 1.7372557, 1.7300851, 0.1012969, 1.2736885 
 2.2237155, 0.2293174, 4.3031222, 4.1884513, 0.2325526, 1.5970005 
 1.9052887, 0.2012628, 2.7037139, 2.6483886, 0.3320632, 1.5168137 
 1.9352380, 0.2240680, 4.8988631, 4.7743022, 0.1481191, 1.5247201 
 0.4202731, 0.1349671, 7.4064730, 7.3387044, -1.0298489, 0.9164790 
 0.0829968, 0.2251755, 8.8691320, 8.6413570, 0.1590301, 0.5337023 
 