0.0671719, 0.0016097, 0.8743975, 0.8743964, -0.4548209, 0.4973641 
 0.1307296, 0.0010228, 0.9909447, 0.9909442, -0.2450847, 0.6209690 
 0.0968412, 0.0000000, 1.3069577, 1.3069577, 0.2498600, 0.5618650 
 0.0582979, 0.0000000, 1.6677838, 1.6677838, -0.6086425, 0.4744199 
 0.1209458, 0.0000000, 1.7501165, 1.7501165, 1.2196352, 0.6050746 
 0.0710664, 0.0000000, 1.8763646, 1.8763646, -0.0417243, 0.5067963 
 0.0940261, 0.0006859, 1.9465326, 1.9465322, 1.1944049, 0.5563671 
 0.0720634, 0.0004123, 2.0254163, 2.0254162, 1.0531001, 0.5091553 
 0.0866451, 0.0011589, 2.1058970, 2.1058956, 0.4422879, 0.5414105 
 0.1118493, 0.0011769, 2.1854910, 2.1854895, 0.3899937, 0.5895080 
 0.1083660, 0.0011803, 2.2942197, 2.2942181, 0.5221222, 0.5833237 
 0.0903816, 0.0004788, 2.4209532, 2.4209529, 0.5918123, 0.5490838 
 0.0845441, 0.0029723, 2.6942639, 2.6942520, 0.8156809, 0.5369986 
 1.0465933, 0.0006715, 2.8394468, 2.8394461, -0.8065171, 1.2422375 
 2.2228512, 0.0020017, 3.5290532, 3.5290462, -0.8090310, 1.5967936 
 1.9044244, 0.0030045, 4.0896475, 4.0896291, -0.2496963, 1.5165843 
 1.2484781, 0.0019666, 4.6138474, 4.6138385, -1.3341078, 1.3174646 
 0.6902170, 0.0012363, 5.3349013, 5.3348972, 0.6781649, 1.0812859 
 0.3130847, 0.0004018, 5.8981200, 5.8981195, -0.1990703, 0.8308053 
 0.4087918, 0.0005374, 6.2833559, 6.2833550, -0.7177875, 0.9080561 
 0.1889909, 0.0003236, 6.6520238, 6.6520235, 1.1878827, 0.7021430 
 0.1405331, 0.0000000, 6.9120911, 6.9120911, -1.3207813, 0.6361187 
 0.0941850, 0.0008435, 7.1791900, 7.1791874, -1.5136740, 0.5566803 
 0.0829968, 0.0000000, 7.9289050, 7.9289050, -1.3615998, 0.5337023 
 