1851.61960 , 0.12908 , 2.04461 , 2.02750 , -0.62459, -35.78652, 
 3.91058 , 0.18815 , 7.55391 , 7.41900 , -0.22295, -12.77406, 
 2.89166 , 0.09192 , 9.40253 , 9.36273 , -0.35058, -20.08702, 
 1.95202 , 0.14055 , 10.71071 , 10.60440 , -0.31650, -18.13427, 
 0.96432 , 0.57374 , 30.86569 , 25.28020 , -0.62444, -35.77753, 
 1.02323 , 0.23347 , 12.91886 , 12.56183 , 0.27725, 15.88511, 
 0.61436 , 0.45345 , 19.66630 , 17.52821 , 0.67394, 38.61405, 
 0.37037 , 0.27621 , 13.82999 , 13.29195 , 0.10168, 5.82597, 
 0.28477 , 0.59144 , 28.84913 , 23.26244 , -0.46597, -26.69786, 
 0.13934 , 0.35230 , 19.25739 , 18.02276 , 0.44266, 25.36240, 
 0.11221 , 0.67806 , 36.06791 , 26.51004 , 0.16013, 9.17482, 
 0.15119 , 0.69416 , 42.66043 , 30.70791 , 0.43359, 24.84280, 
 0.05470 , 0.45883 , 21.03832 , 18.69304 , 0.43379, 24.85405, 
 