31837.45272 , 0.42993 , 0.16105 , 0.14541 , 0.06405, 3.66955, 
 1851.61960 , 2.03495 , 0.58464 , 1.03615 , 0.73327, 42.01313, 
 3.91058 , 1.39127 , 7.63474 , 7.38491 , -0.59387, -34.02644, 
 2.89166 , 9.62022 , 0.09838 , 0.94128 , -0.33159, -18.99856, 
 1.95202 , 0.99312 , 1.21681 , 0.14251 , 0.34723, 19.89482, 
 0.96432 , 13.03848 , 0.06832 , 0.88818 , -0.32840, -18.81566, 
 1.02323 , 0.99695 , 0.99416 , 0.07761 , 0.47049, 26.95681, 
 0.61436 , 5.13281 , 0.54040 , 2.72063 , -0.31986, -18.32654, 
 0.37037 , 12.76922 , 0.09093 , 1.15748 , 0.17635, 10.10412, 
 0.28477 , 16.94998 , 0.05647 , 0.95553 , -0.12559, -7.19585, 
 0.13934 , 16.36917 , 0.06393 , 1.04456 , 0.02754, 1.57813, 
 0.11221 , 4.80576 , 0.79557 , 3.73962 , -0.54304, -31.11377, 
 0.15119 , 0.99826 , 1.09118 , 0.06439 , 0.16734, 9.58785, 
 0.05470 , 19.72660 , 0.05371 , 1.05822 , 0.41912, 24.01408, 
 