0.0504518, 0.0021248, 0.7536963, 0.7536946, 0.9056594, 0.4521033 
 0.0766819, 0.0006815, 1.1446593, 1.1446590, -1.1777282, 0.5198080 
 0.1297516, 0.0000000, 1.2472565, 1.2472565, -0.2704564, 0.6194167 
 0.0823495, 0.0006975, 1.4477285, 1.4477282, -0.3360996, 0.5323112 
 0.0580062, 0.0000000, 1.5204224, 1.5204224, 0.4292481, 0.4736274 
 0.0758573, 0.0000000, 1.6580843, 1.6580843, -0.2389965, 0.5179381 
 0.1097927, 0.0000000, 1.9488324, 1.9488324, 0.2738066, 0.5858725 
 0.0841828, 0.0000000, 2.0505421, 2.0505421, 0.1306560, 0.5362326 
 0.1082275, 0.0007128, 2.2360900, 2.2360895, -0.1812521, 0.5830751 
 0.1310093, 0.0000000, 2.3245141, 2.3245141, -0.7467742, 0.6214116 
 0.1677356, 0.0000000, 2.4930524, 2.4930524, -1.1427876, 0.6747668 
 0.1214874, 0.0009370, 2.6734781, 2.6734770, 0.4273508, 0.6059765 
 0.1137341, 0.0000000, 3.0086541, 3.0086541, -0.0642532, 0.5928009 
 0.1880298, 0.0000000, 3.1660465, 3.1660465, -0.6758728, 0.7009508 
 0.1336036, 0.0007919, 3.3137176, 3.3137166, -0.0663948, 0.6254866 
 0.0978951, 0.0008397, 3.4793252, 3.4793239, -0.4263879, 0.5638959 
 0.0791197, 0.0012305, 3.6108369, 3.6108341, 0.3223920, 0.5252591 
 0.2069194, 0.0009908, 3.7443697, 3.7443679, -0.1788977, 0.7236786 
 0.9342323, 0.0000000, 4.2395227, 4.2395227, 0.8209023, 1.1960893 
 0.6897910, 0.0011373, 5.3389460, 5.3389425, -0.0206953, 1.0810634 
 0.5874422, 0.0013330, 5.6614175, 5.6614124, -1.2326517, 1.0247085 
 0.3595513, 0.0000000, 6.1938690, 6.1938690, 1.2109424, 0.8700261 
 0.3246483, 0.0006011, 6.5080325, 6.5080313, 0.6021018, 0.8409104 
 0.1622811, 0.0009662, 6.8235249, 6.8235217, -0.7628997, 0.6673720 
 0.1903742, 0.0000000, 7.2521305, 7.2521305, 1.1517947, 0.7038520 
 0.0823129, 0.0000000, 7.5644590, 7.5644590, -1.0557343, 0.5322325 
 0.0971462, 0.0003728, 7.8358237, 7.8358232, -1.0605871, 0.5624544 
 0.0562900, 0.0000000, 8.1006206, 8.1006206, -1.2078230, 0.4689096 
 