0.5706917, 0.0003920, 2.0860259, 2.0860258, -0.5554433, 1.0148749 
 0.6402636, 0.0000000, 2.2673162, 2.2673162, 0.6745548, 1.0545445 
 1.0336421, 0.0000000, 2.9177950, 2.9177950, -0.2127748, 1.2370922 
 1.0375342, 0.0000000, 3.4122291, 3.4122291, -0.8999766, 1.2386429 
 0.9281184, 0.0000000, 4.3476471, 4.3476471, 0.0431327, 1.1934744 
 0.6550033, 0.0003771, 5.2110315, 5.2110311, -0.5079525, 1.0625756 
 1.0093311, 0.0000000, 6.2266316, 6.2266316, -0.5029709, 1.2273164 
 0.3208415, 0.0000000, 7.0776680, 7.0776680, -1.3824607, 0.8376106 
 0.2143730, 0.0027931, 8.4396676, 8.4396347, 0.5213065, 0.7322657 
 0.1408610, 0.0028117, 8.9099106, 8.9098754, 1.0810416, 0.6366130 
 0.0971805, 0.0034915, 9.2273767, 9.2273204, 1.3978625, 0.5625204 
 0.1101151, 0.0013615, 9.6778315, 9.6778225, -0.5479670, 0.5864454 
 0.0607496, 0.0059512, 10.3415208, 10.3413377, 1.1090772, 0.4809794 
 0.0613011, 0.0084338, 10.6432713, 10.6428927, 0.2236023, 0.4824306 
 