0.5706917, 0.0000000, 2.0860325, 2.0860325, 1.5074395, 1.0148749 
 0.6402636, 0.0000000, 2.2674368, 2.2674368, 0.2558452, 1.0545445 
 1.0336421, 0.0000000, 2.9177173, 2.9177173, 0.2445453, 1.2370922 
 1.0375342, 0.0000000, 3.4122152, 3.4122152, 1.2305247, 1.2386429 
 0.9281184, 0.0000000, 4.3475799, 4.3475799, -1.4340184, 1.1934744 
 0.6550033, 0.0000000, 5.2112613, 5.2112613, 0.0085999, 1.0625756 
 1.0093311, 0.0000000, 6.2265902, 6.2265902, -0.9218599, 1.2273164 
 0.3208415, 0.0003761, 7.0776349, 7.0776344, -1.1509909, 0.8376106 
 0.2143730, 0.0000000, 8.4392680, 8.4392680, 0.4473338, 0.7322657 
 0.1408610, 0.0000000, 8.9122207, 8.9122207, -1.1663428, 0.6366130 
 0.0971805, 0.0000000, 9.2301763, 9.2301763, -0.5146866, 0.5625204 
 0.1101151, 0.0000000, 9.6756200, 9.6756200, -0.5011068, 0.5864454 
 0.0607496, 0.0000000, 10.3408027, 10.3408027, -0.4045044, 0.4809794 
 0.0613011, 0.0000000, 10.6366067, 10.6366067, 0.2214909, 0.4824306 
 