0.0632869, 0.0015229, 0.8319262, 0.8319252, -1.1354035, 0.4875846 
 0.1127176, 0.0003656, 1.3598635, 1.3598634, -1.4058982, 0.5910296 
 0.1434432, 0.0000000, 1.6576864, 1.6576864, 1.4468127, 0.6404796 
 0.0810805, 0.0004706, 1.7869869, 1.7869867, -1.5038743, 0.5295628 
 0.0823260, 0.0023678, 2.0959229, 2.0959170, -0.5920096, 0.5322605 
 0.0991421, 0.0007629, 2.2188306, 2.2188300, 1.0752504, 0.5662802 
 1.1952860, 0.0000000, 2.3687643, 2.3687643, 1.0188754, 1.2984820 
 1.2731362, 0.0004953, 3.0264901, 3.0264897, -0.5622699, 1.3260817 
 1.9938389, 0.0000000, 3.4818189, 3.4818189, -0.0525676, 1.5399573 
 1.1623358, 0.0004402, 4.1088150, 4.1088146, -0.9916444, 1.2864390 
 0.6888230, 0.0000000, 5.0700756, 5.0700756, 0.2582877, 1.0805575 
 0.3866908, 0.0004446, 5.6655923, 5.6655918, -0.4049102, 0.8913876 
 0.1929896, 0.0013914, 5.9636037, 5.9635980, -1.2653167, 0.7070606 
 0.1229026, 0.0011188, 6.2544453, 6.2544414, 1.0134650, 0.6083204 
 0.1860895, 0.0008860, 6.5030762, 6.5030736, 0.2714557, 0.6985314 
 0.0796844, 0.0003304, 6.8870569, 6.8870565, 1.2323893, 0.5265057 
 0.0980775, 0.0000000, 7.4371841, 7.4371841, 1.2501753, 0.5642459 
 