0.0638330, 0.0401492, 0.8035873, 0.8029394, 1.4642012, 0.4889829 
 0.1127176, 0.0025343, 1.3598271, 1.3598228, -1.4240897, 0.5910296 
 0.1434432, 0.0011350, 1.6577213, 1.6577202, 0.6082249, 0.6404796 
 0.0810805, 0.0007581, 1.7871142, 1.7871137, 1.5276593, 0.5295628 
 0.0828720, 0.0219878, 2.0531447, 2.0526483, -0.9288785, 0.5334348 
 0.0991421, 0.0011805, 2.2187044, 2.2187029, -1.1075923, 0.5662802 
 1.1952860, 0.0000000, 2.3687884, 2.3687884, 0.7852126, 1.2984820 
 1.2731362, 0.0008330, 3.0263833, 3.0263822, -1.0975845, 1.3260817 
 1.9938389, 0.0004296, 3.4815438, 3.4815435, 0.2514260, 1.5399573 
 1.1623358, 0.0008847, 4.1087433, 4.1087417, 1.3759983, 1.2864390 
 0.6888230, 0.0010068, 5.0700210, 5.0700184, 1.4894628, 1.0805575 
 0.3866908, 0.0067599, 5.6613382, 5.6612089, 1.0616365, 0.8913876 
 0.1929896, 0.0090079, 5.9617421, 5.9615002, -0.6194421, 0.7070606 
 0.3068078, 0.0073966, 6.4096654, 6.4094901, -0.5228930, 0.8252157 
 0.0796844, 0.0101444, 6.8857889, 6.8854346, -1.3196584, 0.5265057 
 0.0980775, 0.0060011, 7.4414845, 7.4413505, 1.3982224, 0.5642459 
 0.0005461, 0.7874659, 4.8213825, 2.9716990, 0.9838978, 0.1000070 
 0.0005461, 0.8448469, 3.5663022, 1.9080007, 1.4752005, 0.1000070 
 