1.54757 , 0.05072 , 0.21895 , 0.21867 , -0.03419, -1.95892, 
 3.96691 , 0.04469 , 0.36264 , 0.36228 , -0.64080, -36.71536, 
 3.87535 , 0.03978 , 0.86836 , 0.86768 , -0.49763, -28.51193, 
 4.83249 , 0.04687 , 1.14020 , 1.13895 , -0.47019, -26.94013, 
 4.91125 , 0.03189 , 4.10760 , 4.10551 , -0.26431, -15.14409, 
 2.16728 , 0.05399 , 4.98602 , 4.97874 , -0.22114, -12.67055, 
 2.36119 , 0.04947 , 5.53239 , 5.52562 , 0.32403, 18.56549, 
 0.78657 , 0.03238 , 6.17735 , 6.17411 , -0.10425, -5.97290, 
 0.77580 , 0.08610 , 6.96940 , 6.94352 , -0.53596, -30.70837, 
 0.44834 , 0.08188 , 8.12114 , 8.09387 , 0.77436, 44.36783, 
 0.18228 , 0.04356 , 8.86708 , 8.85866 , 0.01070, 0.61293, 
 0.07097 , 0.09910 , 9.61353 , 9.56621 , -0.16446, -9.42299, 
 0.11994 , 0.11125 , 9.90775 , 9.84624 , 0.63603, 36.44172, 
 0.06738 , 0.10203 , 10.36364 , 10.30956 , -0.44752, -25.64079, 
 