1.33960 , 0.11568 , 0.14046 , 0.13952 , -0.65155, -37.33130, 
 1.54757 , 0.10135 , 0.27289 , 0.27149 , -0.40407, -23.15143, 
 3.96691 , 0.10386 , 0.33470 , 0.33288 , -0.19891, -11.39651, 
 3.87535 , 0.08933 , 0.86588 , 0.86242 , -0.38384, -21.99269, 
 4.83249 , 0.08862 , 1.13664 , 1.13217 , -0.33879, -19.41107, 
 4.91125 , 0.09306 , 4.08620 , 4.06847 , -0.71938, -41.21749, 
 2.16728 , 0.08427 , 4.97281 , 4.95512 , 0.61408, 35.18429, 
 2.36119 , 0.10195 , 5.51190 , 5.48318 , -0.49290, -28.24110, 
 0.78657 , 0.05836 , 6.16814 , 6.15763 , 0.55627, 31.87177, 
 0.77580 , 0.06989 , 6.97812 , 6.96105 , -0.32105, -18.39497, 
 0.44834 , 0.00755 , 8.06343 , 8.06320 , -0.24349, -13.95067, 
 0.18228 , 0.06984 , 8.82804 , 8.80649 , 0.62927, 36.05425, 
 0.07097 , 0.06816 , 9.49793 , 9.47585 , -0.46890, -26.86625, 
 0.11994 , 0.08098 , 9.93481 , 9.90218 , -0.57515, -32.95359, 
 0.06738 , 0.15716 , 10.28840 , 10.16054 , -0.31027, -17.77692, 
 