2259.47748 , 0.02769 , 0.29271 , 0.29260 , -0.75288, -43.13700, 
 4.99644 , 1.03840 , 54.89102 , 15.35732 , 0.22087, 12.65500, 
 4.17010 , 0.73064 , 11.64286 , 7.94925 , 0.15231, 8.72656, 
 3.34054 , 1.08207 , 37.58620 , 15.53690 , 0.29667, 16.99814, 
 1.71004 , 1.48312 , 7.02824 , 7.69793 , 0.61329, 35.13902, 
 1.02930 , 1.87286 , 4.33156 , 6.85919 , 0.29728, 17.03283, 
 0.40373 , 2.23114 , 2.94251 , 5.86879 , 0.42838, 24.54463, 
 0.25269 , 2.37461 , 2.87675 , 6.19588 , 0.65311, 37.42023, 
 0.24380 , 0.95575 , 4.19211 , 1.23319 , -0.15502, -8.88222, 
 0.08169 , 1.64979 , 9.17863 , 12.04394 , -0.53840, -30.84812, 
 0.05138 , 0.95367 , 5.14586 , 1.54816 , 0.65355, 37.44562, 
 0.05706 , 0.94995 , 182.00397 , 56.85895 , -0.38701, -22.17426, 
 