2259.47748 , 0.01379 , 0.29307 , 0.29304 , -0.61225, -35.07953, 
 4.99644 , 0.66338 , 3.22295 , 2.41168 , 0.62202, 35.63912, 
 4.17010 , 0.76033 , 3.53250 , 2.29451 , 0.04986, 2.85668, 
 3.34054 , 0.80723 , 3.80033 , 2.24311 , 0.61958, 35.49920, 
 1.71004 , 0.83485 , 4.64253 , 2.55558 , 0.72699, 41.65340, 
 1.02930 , 1.49735 , 8.74207 , 9.74286 , 0.03900, 2.23453, 
 0.40373 , 0.86158 , 5.95170 , 3.02123 , -0.59722, -34.21805, 
 0.25269 , 2.73473 , 2.05980 , 5.24289 , 0.40948, 23.46142, 
 0.24380 , 0.95723 , 4.12384 , 1.19320 , -0.12221, -7.00188, 
 0.08169 , 0.96527 , 4.13284 , 1.07974 , -0.17450, -9.99815, 
 0.05138 , 0.96264 , 4.63105 , 1.25409 , 0.41857, 23.98218, 
 0.05706 , 2.02477 , 5.74203 , 10.10937 , -0.07387, -4.23236, 
 