1.4052692, 0.0014279, 0.9840683, 0.9840673, -1.0849421, 1.3704562 
 1.9979095, 0.0010759, 1.1001455, 1.1001449, -0.0223662, 1.5410046 
 1.6753870, 0.0039877, 2.5800560, 2.5800355, 0.9983634, 1.4531720 
 1.8092805, 0.0036087, 2.8619073, 2.8618887, 0.7961850, 1.4908958 
 2.3377308, 0.0027722, 3.5185074, 3.5184939, 0.6607418, 1.6238410 
 5.5926814, 0.0013026, 4.2369130, 4.2369094, -1.3650877, 2.1717943 
 1.7829696, 0.0005010, 5.3682650, 5.3682643, -0.6732741, 1.4836335 
 0.6264737, 0.0012425, 6.1824401, 6.1824353, 0.1405765, 1.0469187 
 0.6011686, 0.0010379, 6.8422816, 6.8422779, -0.7937268, 1.0326284 
 0.4076842, 0.0013962, 7.3001448, 7.3001377, 1.3984396, 0.9072353 
 0.2344794, 0.0009023, 7.7254350, 7.7254319, 0.8073966, 0.7544786 
 0.1585592, 0.0011488, 8.1773162, 8.1773108, 0.2148066, 0.6622305 
 0.0834684, 0.0004128, 8.6990042, 8.6990034, -1.0326377, 0.5347113 
 0.1240097, 0.0000000, 9.0729390, 9.0729390, -0.1159534, 0.6101414 
 0.0896512, 0.0003916, 9.5528366, 9.5528359, 1.5581942, 0.5476007 
 0.0612219, 0.0000000, 10.8167603, 10.8167603, -1.0027865, 0.4822226 
 