5944.42682 , 0.00187 , 3.10854 , 3.10854 , -0.40794, -23.37328, 
 3.40116 , 0.24638 , 8.94679 , 8.67100 , 0.77771, 44.55925, 
 2.63363 , 0.30084 , 9.81055 , 9.35608 , -0.18908, -10.83362, 
 1.92242 , 0.25544 , 11.49890 , 11.11743 , 0.18593, 10.65282, 
 0.94866 , 0.31534 , 12.27651 , 11.65013 , 0.64787, 37.12034, 
 0.29328 , 0.33224 , 16.20641 , 15.28579 , 0.09691, 5.55252, 
 0.22130 , 0.71750 , 37.35037 , 26.01688 , -0.69170, -39.63140, 
 0.05565 , 0.81335 , 56.02880 , 32.59641 , 0.58417, 33.47035, 
 0.08090 , 0.41743 , 18.16962 , 16.51091 , -0.40435, -23.16765, 
 0.07291 , 0.42041 , 18.65475 , 16.92609 , -0.16056, -9.19916, 
 0.06242 , 0.41036 , 19.43982 , 17.72766 , -0.71017, -40.68981, 
 