5944.42682 , 0.00104 , 3.10854 , 3.10854 , -0.45061, -25.81793, 
 3.40116 , 0.13757 , 9.15885 , 9.07178 , -0.26855, -15.38688, 
 2.63363 , 0.29513 , 9.83314 , 9.39515 , -0.18049, -10.34146, 
 1.92242 , 0.45755 , 14.75894 , 13.12338 , -0.19699, -11.28675, 
 0.94866 , 0.44282 , 15.82865 , 14.19213 , -0.69275, -39.69141, 
 0.29328 , 0.58523 , 25.83107 , 20.94550 , -0.75392, -43.19640, 
 0.22130 , 0.23781 , 18.06803 , 17.54969 , -0.20372, -11.67245, 
 0.05565 , 0.37318 , 17.80778 , 16.52132 , 0.54139, 31.01925, 
 0.08090 , 0.43057 , 18.01707 , 16.26140 , 0.45684, 26.17517, 
 0.07291 , 0.41840 , 18.64678 , 16.93618 , 0.48343, 27.69856, 
 0.06242 , 0.24279 , 21.07928 , 20.44857 , -0.75021, -42.98390, 
 