1.5587684, 0.0009822, 0.9639333, 0.9639328, -0.1626229, 1.4186410 
 1.3985154, 0.0003828, 1.7569483, 1.7569482, -1.4800176, 1.3682572 
 1.4338034, 0.0011680, 2.1755163, 2.1755148, 1.3673984, 1.3796699 
 1.7448344, 0.0000000, 2.4766097, 2.4766097, 1.2500850, 1.4729796 
 1.7826993, 0.0015133, 2.9107253, 2.9107219, 1.0849018, 1.4835585 
 4.3261482, 0.0000000, 3.3111850, 3.3111850, -0.1221197, 1.9936356 
 1.7426368, 0.0075510, 4.7000370, 4.6999030, 0.9542761, 1.4723609 
 2.4706173, 0.0062008, 5.4616455, 5.4615405, -0.4308991, 1.6540443 
 1.4315160, 0.0012604, 7.1195375, 7.1195318, -0.2649392, 1.3789358 
 1.1122856, 0.0009713, 8.0743518, 8.0743480, 0.2146704, 1.2677027 
 0.3077241, 0.0006325, 9.2264269, 9.2264251, -1.3750706, 0.8260363 
 0.1645387, 0.0031991, 10.2089948, 10.2089425, 1.3431011, 0.6704525 
 0.0717698, 0.0143068, 10.4694527, 10.4683811, 1.1404822, 0.5084630 
 0.0949858, 0.0032757, 11.0019620, 11.0019030, 1.5634055, 0.5582536 
 0.0583328, 0.0010396, 11.7938020, 11.7937957, 1.5162081, 0.4745145 
 