1.5587684, 0.0009492, 0.9639286, 0.9639281, -1.1642226, 1.4186410 
 1.3985154, 0.0000000, 1.7568028, 1.7568028, 0.4398745, 1.3682572 
 1.4338034, 0.0006228, 2.1748515, 2.1748511, -0.3253492, 1.3796699 
 1.7448344, 0.0013951, 2.4767650, 2.4767626, -1.0569880, 1.4729796 
 1.7826993, 0.0010746, 2.9129603, 2.9129587, -1.3103478, 1.4835585 
 4.3261482, 0.0000000, 3.3103111, 3.3103111, -1.1510709, 1.9936356 
 1.7426368, 0.0016395, 4.7020511, 4.7020448, 0.9767733, 1.4723609 
 2.4706173, 0.0011580, 5.4597053, 5.4597017, 1.2949633, 1.6540443 
 1.4315160, 0.0000000, 7.1198317, 7.1198317, 0.0475072, 1.3789358 
 1.1122856, 0.0006415, 8.0750308, 8.0750292, 0.5401152, 1.2677027 
 0.3077241, 0.0008862, 9.2258481, 9.2258444, -0.7453476, 0.8260363 
 0.1645387, 0.0000000, 10.1874756, 10.1874756, -0.0629561, 0.6704525 
 0.0717698, 0.0000000, 10.5980884, 10.5980884, -1.3393051, 0.5084630 
 0.0949858, 0.0000000, 10.9397161, 10.9397161, 0.5817401, 0.5582536 
 0.0583328, 0.0000000, 11.7944322, 11.7944322, -0.2425850, 0.4745145 
 