3.9720019, 0.0008234, 1.1410691, 1.1410687, -0.2039872, 1.9376789 
 4.0940001, 0.0000000, 4.2665714, 4.2665714, -1.3599272, 1.9573175 
 2.0272858, 0.0000000, 9.8589963, 9.8589963, 0.8061761, 1.5485206 
 1.6602838, 0.0000000, 12.1298768, 12.1298768, -1.5266881, 1.4487922 
 0.6307217, 0.0000000, 15.5370235, 15.5370235, -0.9151677, 1.0492797 
 0.4320937, 0.0000000, 16.6708068, 16.6708068, -1.5687961, 0.9249919 
 0.2291245, 0.0000000, 18.4768473, 18.4768473, 0.9151426, 0.7486909 
 0.1222915, 0.0000000, 20.5013313, 20.5013313, -1.0565887, 0.6073104 
 0.0908568, 0.0000000, 21.1900583, 21.1900583, 1.5663381, 0.5500444 
 0.0758914, 0.0000000, 22.0688145, 22.0688145, 0.5430261, 0.5180155 
 0.0753941, 0.0000000, 23.8127244, 23.8127244, 0.4901932, 0.5168817 
 