3.9720019, 0.0003175, 1.1410676, 1.1410676, -1.4536053, 1.9376789 
 4.0940001, 0.0000000, 4.2665741, 4.2665741, -1.5374897, 1.9573175 
 2.0272858, 0.0000000, 9.8600254, 9.8600254, 0.3204515, 1.5485206 
 1.6602838, 0.0000000, 12.1283463, 12.1283463, 0.2449132, 1.4487922 
 0.6307217, 0.0005313, 15.5369585, 15.5369563, -1.1667170, 1.0492797 
 0.4320937, 0.0022143, 16.6707999, 16.6707591, 0.3748202, 0.9249919 
 0.2291245, 0.0036653, 18.4784041, 18.4782800, 1.3642853, 0.7486909 
 0.1222915, 0.0003826, 20.5026356, 20.5026341, 0.6034791, 0.6073104 
 0.0908568, 0.0005660, 21.1884475, 21.1884441, -0.5055715, 0.5500444 
 0.0758914, 0.0016102, 22.0697653, 22.0697367, 0.5494213, 0.5180155 
 0.0753941, 0.0004468, 23.8124376, 23.8124353, -1.5173277, 0.5168817 
 