4.8533524, 0.1786173, 5.2370560, 5.1528369, 0.0265316, 2.0715365 
 2.5061712, 0.2992728, 13.2935491, 12.6842736, 1.0141381, 1.6619409 
 1.9285959, 0.2290600, 6.6473843, 6.4706456, -0.8546216, 1.5229737 
 1.5996814, 0.1037003, 16.7180230, 16.6278894, 0.1208734, 1.4309457 
 1.1809110, 0.8686265, 42.4953770, 21.0550746, 0.8602454, 1.2932556 
 0.8802283, 0.1352597, 16.7218580, 16.5681871, -1.3625535, 1.1725835 
 0.7034022, 0.2940019, 17.9777768, 17.1832458, -0.4102759, 1.0881278 
 0.2221564, 0.1249206, 20.2022564, 20.0440069, -0.6870487, 0.7410229 
 0.1986842, 0.1079215, 21.3819081, 21.2570254, -0.5100290, 0.7139478 
 0.0844585, 0.0846296, 23.3388957, 23.2551669, 0.4674395, 0.5368172 
 0.0558606, 0.1335022, 20.0328671, 19.8535432, 0.0454814, 0.4677141 
 