6.64123 , 0.22821 , 7.51516 , 7.31685 , 0.58526, 33.53282, 
 4.30867 , 0.09181 , 10.01302 , 9.97072 , 0.74522, 42.69815, 
 2.78088 , 0.09343 , 15.10470 , 15.03863 , -0.71325, -40.86610, 
 1.89342 , 0.02926 , 14.60624 , 14.59998 , -0.35735, -20.47468, 
 1.33253 , 0.94411 , 3.69325 , 1.21740 , 0.18449, 10.57075, 
 0.67424 , 0.04115 , 25.21896 , 25.19759 , 0.04953, 2.83798, 
 0.43081 , 0.12749 , 22.20498 , 22.02379 , -0.15381, -8.81258, 
 0.15704 , 0.10636 , 25.83666 , 25.69012 , -0.52010, -29.79952, 
 0.10204 , 0.02929 , 28.85599 , 28.84361 , 0.55936, 32.04910, 
 0.06588 , 0.09210 , 28.80663 , 28.68419 , -0.37965, -21.75214, 
 0.09846 , 0.17884 , 30.03591 , 29.55167 , -0.62456, -35.78487, 
 0.07072 , 0.09128 , 31.16380 , 31.03371 , -0.09640, -5.52317, 
 