40439.53859 , 0.41213 , 0.15197 , 0.13846 , -0.77546, -44.43060, 
 6.64123 , 0.98813 , 0.79921 , 0.12277 , 0.50234, 28.78204, 
 4.30867 , 0.99424 , 0.93160 , 0.09987 , 0.63047, 36.12342, 
 2.78088 , 0.99798 , 0.75261 , 0.04785 , -0.14143, -8.10341, 
 1.89342 , 0.99869 , 0.75429 , 0.03860 , 0.14073, 8.06301, 
 1.33253 , 0.99885 , 0.79815 , 0.03821 , 0.16324, 9.35294, 
 1.06956 , 6.41135 , 0.44224 , 2.80064 , -0.17629, -10.10089, 
 0.67424 , 0.99777 , 1.30410 , 0.08696 , 0.43446, 24.89247, 
 0.43081 , 0.99933 , 0.82617 , 0.03032 , -0.58305, -33.40606, 
 0.15704 , 0.99951 , 0.76860 , 0.02405 , 0.20538, 11.76747, 
 0.10204 , 25.63790 , 0.03815 , 0.97733 , 0.54412, 31.17588, 
 0.06588 , 8.20701 , 0.39306 , 3.20183 , -0.05929, -3.39723, 
 0.09846 , 0.99951 , 0.83838 , 0.02623 , 0.76803, 44.00468, 
 0.07072 , 0.99959 , 0.84075 , 0.02414 , -0.67804, -38.84891, 
 