2.4787424, 0.0130540, 0.3958490, 0.3958152, 0.5922178, 1.6558556 
 1.8020786, 0.0525714, 2.2547993, 2.2516813, 0.7135895, 1.4889150 
 670.4693164, 0.0000000, 3.7106821, 3.7106821, -1.3035099, 10.7087379 
 1.7511470, 0.1229551, 6.0869096, 6.0407236, -0.0015352, 1.4747538 
 1.6880879, 0.0144860, 6.6972876, 6.6965849, 0.7244678, 1.4568349 
 0.8494261, 0.0076766, 7.4215457, 7.4213270, 0.4674400, 1.1587432 
 0.6936480, 0.0026309, 8.1125104, 8.1124824, -0.7000165, 1.0830746 
 0.2241516, 0.0041438, 8.9779708, 8.9778937, -0.0894926, 0.7432347 
 0.1961803, 0.0059027, 9.3664802, 9.3663170, 0.8040550, 0.7109359 
 0.0840665, 0.0013551, 9.8232455, 9.8232365, 1.2525018, 0.5359854 
 0.1726390, 0.0014805, 10.4494914, 10.4494800, -0.3093608, 0.6812789 
 0.0641054, 0.0041599, 11.6942771, 11.6941759, 1.0304011, 0.4896775 
 