0.6670568, 0.2093595, 0.5218645, 0.5102993, 1.2258993, 1.0690539 
 0.6898511, 0.0005556, 1.4105039, 1.4105037, 0.2652775, 1.0810948 
 0.9573904, 0.0000000, 1.7630802, 1.7630802, -0.4473977, 1.2058918 
 1.0690445, 0.0009869, 4.0025505, 4.0025485, 0.1335010, 1.2510575 
 1.6863982, 0.0003765, 4.3613906, 4.3613903, -1.2820280, 1.4563487 
 0.7617547, 0.0041319, 6.1090272, 6.1089750, 0.8413370, 1.1174215 
 0.9426703, 0.0036091, 6.6957134, 6.6956698, 0.7207720, 1.1996796 
 0.3761803, 0.0231868, 8.3393691, 8.3371270, 0.0597080, 0.8832372 
 0.3730409, 0.0102528, 9.2729586, 9.2724712, -0.1709435, 0.8807733 
 0.2740086, 0.0093823, 10.7758406, 10.7753663, -1.3420653, 0.7946942 
 0.0669282, 0.0667193, 12.4580064, 12.4302473, 0.8232601, 0.4967620 
 0.0586240, 0.2163301, 9.4297417, 9.2064481, 1.4417837, 0.4753028 
 0.0846827, 0.0608300, 11.3032957, 11.2823636, 1.5456530, 0.5372919 
 