0.6670568, 0.0060907, 0.4990077, 0.4989984, -0.2767439, 1.0690539 
 0.6898511, 0.0003905, 1.4105602, 1.4105601, -1.2654829, 1.0810948 
 0.9573904, 0.0000000, 1.7630271, 1.7630271, -1.4284894, 1.2058918 
 1.0685136, 0.0000000, 4.0109453, 4.0109453, -0.0902318, 1.2508503 
 1.6863982, 0.0000000, 4.3611900, 4.3611900, -0.6592959, 1.4563487 
 0.7612237, 0.0007235, 6.1078546, 6.1078530, 1.2636314, 1.1171618 
 0.9426703, 0.0005947, 6.6948034, 6.6948023, 0.1026285, 1.1996796 
 0.3761803, 0.0000000, 8.5061494, 8.5061494, -0.1660137, 0.8832372 
 0.3730409, 0.0004674, 9.3085861, 9.3085851, 0.9754541, 0.8807733 
 0.1961677, 0.0000000, 10.0232301, 10.0232301, -1.5112176, 0.7109207 
 0.0669282, 0.0007723, 10.5064542, 10.5064510, 0.5133521, 0.4967620 
 0.0799646, 0.0000000, 10.8426637, 10.8426637, 1.5485875, 0.5271222 
 0.0586240, 0.0000000, 11.2549905, 11.2549905, 0.0011487, 0.4753028 
 0.0846827, 0.0000000, 11.8185836, 11.8185836, -0.8443345, 0.5372919 
 