1.1556836, 0.0200509, 0.3371737, 0.3371059, -1.2607652, 1.2839801 
 0.5941773, 0.0003315, 1.8078119, 1.8078118, 1.1990874, 1.0286098 
 0.8035245, 0.0000000, 2.1281821, 2.1281821, -0.9005622, 1.1374833 
 0.7000234, 0.0003399, 2.8658863, 2.8658862, -0.4528777, 1.0863827 
 0.8258099, 0.0000000, 3.8188875, 3.8188875, -0.2692783, 1.1479034 
 0.9750129, 0.0000000, 4.2670228, 4.2670228, 1.3644632, 1.2132458 
 1.0475635, 0.0000000, 4.8717140, 4.8717140, -0.2271017, 1.2426212 
 0.7282424, 0.0015998, 5.6457026, 5.6456954, -0.9952468, 1.1007887 
 0.5695263, 0.0008189, 6.0934107, 6.0934086, -1.3788698, 1.0141836 
 0.4152508, 0.0000000, 7.7734860, 7.7734860, 0.6168780, 0.9128137 
 0.1992256, 0.0004554, 8.4561862, 8.4561853, 1.0718847, 0.7145956 
 0.0740623, 0.0000000, 9.1196995, 9.1196995, 0.5453424, 0.5138201 
 0.1222897, 0.0000000, 9.4670829, 9.4670829, 0.9820013, 0.6073074 
 0.0602583, 0.0000000, 9.9504365, 9.9504365, 0.9813013, 0.4796792 
 0.0709391, 0.0000000, 10.8007201, 10.8007201, 0.4667192, 0.5064935 
 