1.1556836, 0.0025878, 0.3370402, 0.3370391, 0.4210192, 1.2839801 
 0.5941773, 0.0014067, 1.8078692, 1.8078674, 0.8304437, 1.0286098 
 0.8035245, 0.0000000, 2.1281463, 2.1281463, 1.2312408, 1.1374833 
 0.7000234, 0.0014185, 2.8659645, 2.8659616, 0.2564877, 1.0863827 
 0.8258099, 0.0003805, 3.8186101, 3.8186098, 0.8650027, 1.1479034 
 0.9750129, 0.0003713, 4.2668469, 4.2668466, 0.0222161, 1.2132458 
 1.0475635, 0.0015173, 4.8720530, 4.8720474, 0.1216807, 1.2426212 
 0.7282424, 0.0034662, 5.6457397, 5.6457058, 0.5853401, 1.1007887 
 0.5695263, 0.0020180, 6.0935891, 6.0935767, 1.2435203, 1.0141836 
 0.4152508, 0.0004748, 7.7733695, 7.7733686, 0.1156197, 0.9128137 
 0.1992256, 0.0003594, 8.4557350, 8.4557344, 1.5384460, 0.7145956 
 0.0740623, 0.0008125, 9.1205172, 9.1205142, 0.6988240, 0.5138201 
 0.1222897, 0.0003720, 9.4669944, 9.4669938, -0.0572270, 0.6073074 
 0.0602583, 0.0005554, 9.9509824, 9.9509808, -0.8377953, 0.4796792 
 0.0709391, 0.0007262, 10.8007868, 10.8007840, 0.2981897, 0.5064935 
 