8070.1426109, 0.0044540, 0.4117582, 0.4117541, -0.6775719, 24.5417611 
 3.5182180, 0.0018414, 6.1791557, 6.1791452, -0.3684232, 1.8608852 
 2.6080897, 0.0562683, 7.3407204, 7.3290904, -1.0652345, 1.6841709 
 1.7887801, 0.0297258, 8.2855211, 8.2818596, 1.5440873, 1.4852434 
 1.0656780, 0.0609229, 9.0651611, 9.0483223, -0.3546539, 1.2497428 
 0.7950909, 0.0490570, 10.4930112, 10.4803774, 0.9209698, 1.1334897 
 0.4212739, 0.0594152, 11.4887754, 11.4684789, 1.0824513, 0.9172059 
 0.1391383, 0.0237585, 12.3470543, 12.3435691, 0.1972004, 0.6340073 
 0.0825403, 0.0268484, 13.5121944, 13.5073235, -0.6911898, 0.5327220 
 0.1188168, 0.0478701, 14.1959681, 14.1796933, 1.3385001, 0.6015032 
 