0.1026656, 0.1385773, 0.6033741, 0.5975526, -0.2495013, 0.5729107 
 0.1197856, 0.0351032, 0.7451785, 0.7447192, 0.8252227, 0.6031336 
 0.1798766, 0.0283843, 0.9721640, 0.9717723, -0.3715171, 0.6906694 
 0.3347399, 0.0480181, 1.1491407, 1.1478151, 0.6128497, 0.8495347 
 0.2038146, 0.0328957, 1.3888802, 1.3881285, -1.1841915, 0.7200408 
 0.2610031, 0.0100087, 1.5251113, 1.5250349, 0.5556562, 0.7819168 
 0.1922406, 0.0168385, 1.8423917, 1.8421305, 0.6421695, 0.7061447 
 0.2550010, 0.0129130, 2.0916614, 2.0914870, -0.0640434, 0.7758766 
 0.8605946, 0.0671904, 2.7077507, 2.7016317, -0.1738855, 1.1637996 
 1.5498383, 0.0243930, 4.0740580, 4.0728458, -1.4548006, 1.4159267 
 1.6385172, 0.0247823, 3.6097291, 3.6086205, -1.2561854, 1.4424330 
 1.0316173, 0.0757676, 4.7466259, 4.7329818, -0.5434583, 1.2362838 
 0.4827443, 0.0547378, 6.0127284, 6.0037139, -1.3926025, 0.9598080 
 0.1947938, 0.1619090, 7.5636549, 7.4638576, -0.3047299, 0.7092571 
 0.0692270, 0.1376921, 9.3415488, 9.2525713, -0.5565502, 0.5023855 
 0.0701083, 0.0481167, 8.2588389, 8.2492729, -1.2887228, 0.5045086 
 