0.1018365, 0.0049458, 0.6142268, 0.6142193, 0.2014940, 0.5713644 
 0.1197856, 0.0000000, 0.7448674, 0.7448674, -0.0174620, 0.6031336 
 0.0964060, 0.0003237, 0.9356593, 0.9356593, -1.1135720, 0.5610222 
 0.0975906, 0.0014897, 1.0605912, 1.0605900, 0.5513411, 0.5633106 
 0.0840869, 0.0034638, 1.1297462, 1.1297394, 0.6172012, 0.5360287 
 0.2377463, 0.0010945, 1.1798292, 1.1798285, 0.8044056, 0.7579663 
 0.1132837, 0.0000000, 1.3509462, 1.3509462, 0.3374496, 0.5920175 
 0.0963552, 0.0005523, 1.4269647, 1.4269645, 1.3949190, 0.5609236 
 0.0925041, 0.0015363, 1.4915241, 1.4915223, -0.3802150, 0.5533489 
 0.1662208, 0.0012698, 1.5468088, 1.5468075, -0.2576939, 0.6727294 
 0.1000678, 0.0003196, 1.8174700, 1.8174699, -0.9493168, 0.5680373 
 0.0928014, 0.0005143, 1.9121731, 1.9121728, -0.1061269, 0.5539409 
 0.1403251, 0.0000000, 2.0507967, 2.0507967, -1.3869809, 0.6358048 
 0.1160548, 0.0007464, 2.1636114, 2.1636108, 0.0601090, 0.5968057 
 0.1186241, 0.0009769, 2.4220279, 2.4220267, 0.8270261, 0.6011779 
 0.1456924, 0.0006788, 2.5430451, 2.5430445, -0.2457665, 0.6438098 
 0.2392624, 0.0000000, 2.7073928, 2.7073928, 1.5481712, 0.7595741 
 0.1169827, 0.0005078, 2.8639434, 2.8639430, -1.0435821, 0.5983921 
 0.1095160, 0.0007320, 3.0043900, 3.0043892, -0.9102444, 0.5853800 
 0.1217909, 0.0013300, 3.1364029, 3.1364001, -1.4557196, 0.6064807 
 0.1293784, 0.0000000, 3.2433976, 3.2433976, -0.3001661, 0.6188223 
 0.1221148, 0.0026524, 3.5975904, 3.5975777, 1.2252062, 0.6070179 
 1.5400054, 0.0009863, 3.8402056, 3.8402037, -0.0509203, 1.4129259 
 1.4303824, 0.0011803, 4.1673660, 4.1673631, 1.0331276, 1.3785717 
 1.0316173, 0.0006942, 4.4799231, 4.4799220, 1.1087056, 1.2362838 
 0.3728585, 0.0000000, 6.0016356, 6.0016356, -0.2263060, 0.8806297 
 0.1947938, 0.0006141, 6.3640330, 6.3640318, 0.1144404, 0.7092571 
 0.1123310, 0.0006219, 6.5926746, 6.5926734, -1.0662532, 0.5903531 
 0.1012168, 0.0000000, 6.8365655, 6.8365655, 1.2724920, 0.5702031 
 0.0692270, 0.0000000, 7.8638388, 7.8638388, 0.8433471, 0.5023855 
 0.0701083, 0.0000000, 8.6280722, 8.6280722, 1.0284495, 0.5045086 
 