0.3510796, 0.1438694, 0.1209035, 0.1196457, 0.5880350, 0.8631386 
 2278.7937292, 0.0307290, 0.6426148, 0.6423113, 0.6593272, 16.1007829 
 13407.7015500, 0.0094439, 3.9630478, 3.9628711, -1.4006719, 29.0667694 
 2.2728904, 0.0695102, 6.9724151, 6.9555505, 0.5967419, 1.6086867 
 1.5298150, 0.1097438, 8.5548814, 8.5032092, 0.9931821, 1.4098025 
 0.8177133, 0.0307455, 8.7955180, 8.7913599, -0.8850819, 1.1441396 
 0.3447207, 0.0633886, 9.6387654, 9.6193810, -0.9153022, 0.8578956 
 0.3370894, 0.0391119, 9.9865551, 9.9789138, -1.5038595, 0.8515177 
 0.3681766, 0.0921713, 10.9552874, 10.9086526, 0.5080526, 0.8769282 
 0.1039898, 0.0251681, 11.4988104, 11.4951679, 0.4123209, 0.5753633 
 0.1218547, 0.0162432, 11.9973194, 11.9957366, 0.6783768, 0.6065864 
 0.1292800, 0.0353862, 12.2382920, 12.2306273, -1.4551400, 0.6186654 
 0.0749658, 0.0617750, 12.7681803, 12.7437943, -0.1050634, 0.5159009 
 0.0606416, 0.0810917, 13.1805641, 13.1371558, -1.0360312, 0.4806943 
 0.0880147, 0.0793480, 13.4899816, 13.4474474, -0.1341918, 0.5442482 
 