0.07800 , 0.00094 , 1.20634 , 1.20634 , 0.44742, 25.63510, 
 0.05924 , 0.00101 , 1.59021 , 1.59021 , -0.30137, -17.26708, 
 0.05407 , 0.00342 , 1.65426 , 1.65425 , -0.24576, -14.08091, 
 0.10025 , 0.00125 , 1.73806 , 1.73806 , -0.29245, -16.75638, 
 0.08771 , 0.00356 , 1.82423 , 1.82422 , -0.49301, -28.24748, 
 0.06973 , 0.00228 , 1.91442 , 1.91441 , -0.28135, -16.12039, 
 0.09874 , 0.00202 , 1.99552 , 1.99552 , -0.54146, -31.02346, 
 0.14641 , 0.01030 , 2.17730 , 2.17719 , 0.51184, 29.32629, 
 0.06735 , 0.01611 , 2.27235 , 2.27206 , 0.45193, 25.89348, 
 0.10875 , 0.00332 , 2.42620 , 2.42618 , -0.43286, -24.80132, 
 0.08185 , 0.00283 , 2.54975 , 2.54974 , -0.50419, -28.88788, 
 0.07062 , 0.00290 , 2.70941 , 2.70940 , 0.52876, 30.29553, 
 0.06695 , 0.00357 , 2.81704 , 2.81702 , -0.24788, -14.20256, 
 0.08148 , 0.00521 , 2.89944 , 2.89940 , -0.33401, -19.13718, 
 0.07126 , 0.00252 , 3.01049 , 3.01048 , 0.36220, 20.75272, 
 0.05202 , 0.00227 , 3.09876 , 3.09875 , 0.36963, 21.17803, 
 0.07375 , 0.00737 , 3.29761 , 3.29752 , -0.20087, -11.50917, 
 0.16967 , 0.00156 , 3.75729 , 3.75728 , -0.05951, -3.40947, 
 0.59291 , 0.00263 , 3.95810 , 3.95809 , -0.48905, -28.02025, 
 0.43028 , 0.00232 , 4.55017 , 4.55016 , 0.73147, 41.90990, 
 0.48168 , 0.00218 , 4.88989 , 4.88988 , -0.73351, -42.02717, 
 0.28148 , 0.00281 , 5.33014 , 5.33011 , 0.55116, 31.57886, 
 0.06568 , 0.00514 , 6.00376 , 6.00368 , -0.48017, -27.51168, 
 0.08056 , 0.00494 , 6.39682 , 6.39675 , -0.50671, -29.03247, 
 