0.07800 , 0.00078 , 1.20634 , 1.20634 , -0.13539, -7.75729, 
 0.05924 , 0.00198 , 1.58992 , 1.58991 , -0.77192, -44.22777, 
 0.05407 , 0.00594 , 1.65430 , 1.65427 , -0.33603, -19.25291, 
 0.10025 , 0.00545 , 1.73829 , 1.73826 , -0.49332, -28.26502, 
 0.08771 , 0.00277 , 1.82409 , 1.82408 , 0.66968, 38.37010, 
 0.06973 , 0.00196 , 1.91460 , 1.91459 , 0.42072, 24.10554, 
 0.09874 , 0.00274 , 1.99548 , 1.99547 , -0.18681, -10.70349, 
 0.14641 , 0.00207 , 2.17688 , 2.17687 , 0.06911, 3.95960, 
 0.06735 , 0.00377 , 2.27315 , 2.27314 , -0.41875, -23.99278, 
 0.10875 , 0.00374 , 2.42621 , 2.42620 , -0.55602, -31.85746, 
 0.08185 , 0.00333 , 2.54975 , 2.54974 , -0.23520, -13.47579, 
 0.07062 , 0.00532 , 2.70926 , 2.70922 , -0.74887, -42.90707, 
 0.06695 , 0.00257 , 2.81762 , 2.81761 , -0.33092, -18.96019, 
 0.08148 , 0.00554 , 2.89911 , 2.89906 , -0.05053, -2.89534, 
 0.07126 , 0.00342 , 3.01039 , 3.01037 , -0.55992, -32.08078, 
 0.05202 , 0.00505 , 3.09897 , 3.09893 , -0.37337, -21.39231, 
 0.07375 , 0.00167 , 3.29748 , 3.29748 , 0.63500, 36.38260, 
 0.16967 , 0.00482 , 3.75687 , 3.75682 , 0.00146, 0.08345, 
 0.59291 , 0.00422 , 3.95818 , 3.95814 , 0.59582, 34.13812, 
 0.43028 , 0.00518 , 4.55066 , 4.55059 , 0.55057, 31.54519, 
 0.48168 , 0.00552 , 4.88961 , 4.88953 , 0.25675, 14.71082, 
 0.28148 , 0.00989 , 5.33043 , 5.33017 , 0.73595, 42.16698, 
 0.06568 , 0.00196 , 6.00379 , 6.00378 , 0.10594, 6.06982, 
 0.08056 , 0.00663 , 6.39681 , 6.39667 , 0.29864, 17.11093, 
 