1043.7852285, 0.0232383, 0.3641609, 0.3640625, -1.4959973, 12.4112551 
 2.2998236, 0.0036209, 13.6345912, 13.6345019, -0.4668150, 1.6150160 
 1.3470727, 0.0038800, 16.2605354, 16.2604130, -0.9936256, 1.3512706 
 1.0756940, 0.0044621, 19.2660081, 19.2658163, -1.0963865, 1.2536459 
 0.3249635, 0.0020655, 21.7512961, 21.7512497, 0.7286994, 0.8411824 
 0.1984355, 0.0006174, 22.9158433, 22.9158389, -1.3028808, 0.7136497 
 0.2973089, 0.0003260, 23.8665645, 23.8665632, -0.3195774, 0.8166099 
 0.0964316, 0.0016129, 24.9494433, 24.9494108, -0.5724911, 0.5610717 
 0.0910424, 0.0023321, 25.7710733, 25.7710033, -0.7666445, 0.5504188 
 0.1010775, 0.0034580, 28.6826953, 28.6825238, -1.5367194, 0.5699414 
 