1043.7852285, 0.0158593, 0.3640558, 0.3640100, -0.3948245, 12.4112551 
 2.2998236, 0.0017464, 13.6345291, 13.6345083, -0.8008047, 1.6150160 
 1.3470727, 0.0005191, 16.2578836, 16.2578815, -1.3462066, 1.3512706 
 1.0756940, 0.0056715, 19.2652253, 19.2649155, 0.1268506, 1.2536459 
 0.3249635, 0.0089277, 21.7656943, 21.7648269, -0.7157907, 0.8411824 
 0.1984355, 0.0053894, 22.9000324, 22.8996999, -0.5091612, 0.7136497 
 0.2973089, 0.0091897, 23.9049063, 23.9038969, -1.3300972, 0.8166099 
 0.0964316, 0.0148294, 24.8328921, 24.8301614, -1.3420560, 0.5610717 
 0.0910424, 0.0144716, 25.8250993, 25.8223949, -0.2805268, 0.5504188 
 0.1010775, 0.0061730, 28.6876349, 28.6870883, -0.2408532, 0.5699414 
 