0.13487 , 0.00559 , 0.86307 , 0.86306 , 0.63635, 36.46009, 
 0.07130 , 0.01032 , 0.97943 , 0.97937 , 0.54556, 31.25842, 
 0.07846 , 0.01269 , 1.06634 , 1.06626 , -0.05925, -3.39468, 
 0.08297 , 0.00537 , 1.16297 , 1.16296 , 0.44007, 25.21406, 
 0.06279 , 0.04477 , 1.16574 , 1.16458 , 0.01885, 1.08026, 
 0.05429 , 0.01195 , 1.25095 , 1.25086 , -0.21640, -12.39870, 
 0.17050 , 0.06910 , 1.58075 , 1.57697 , -0.01910, -1.09449, 
 0.46576 , 0.01296 , 1.47073 , 1.47061 , 0.09335, 5.34846, 
 0.61587 , 0.08218 , 2.17316 , 2.16581 , 0.31569, 18.08744, 
 0.24966 , 0.03323 , 1.81970 , 1.81869 , 0.66562, 38.13720, 
 0.17489 , 0.06433 , 2.36213 , 2.35723 , 0.10797, 6.18635, 
 0.15376 , 0.03919 , 2.34256 , 2.34076 , 0.63609, 36.44530, 
 0.32635 , 0.01672 , 2.71745 , 2.71707 , -0.60098, -34.43351, 
 0.13798 , 0.01855 , 2.85070 , 2.85021 , -0.49774, -28.51840, 
 0.17034 , 0.00312 , 3.38983 , 3.38982 , 0.01338, 0.76678, 
 0.11437 , 0.02246 , 3.52480 , 3.52392 , 0.22613, 12.95613, 
 0.16236 , 0.03156 , 3.74820 , 3.74634 , 0.25244, 14.46378, 
 1.19309 , 0.00837 , 4.11788 , 4.11774 , -0.53057, -30.39964, 
 1.28172 , 0.01288 , 4.78177 , 4.78138 , -0.07676, -4.39829, 
 1.11691 , 0.00378 , 5.38153 , 5.38149 , 0.55008, 31.51732, 
 0.42343 , 0.00746 , 6.67806 , 6.67787 , 0.75144, 43.05438, 
 0.12760 , 0.00422 , 7.49383 , 7.49376 , 0.33717, 19.31859, 
 0.20202 , 0.00711 , 7.89347 , 7.89327 , -0.05532, -3.16971, 
 0.09961 , 0.00590 , 8.76959 , 8.76943 , -0.37982, -21.76216, 
 