0.13410 , 0.00141 , 0.86521 , 0.86521 , 0.51093, 29.27390, 
 0.07130 , 0.00272 , 0.97989 , 0.97989 , 0.32720, 18.74718, 
 0.07846 , 0.00196 , 1.06401 , 1.06400 , -0.43210, -24.75736, 
 0.08297 , 0.00281 , 1.16383 , 1.16383 , -0.03478, -1.99250, 
 0.06202 , 0.00370 , 1.21706 , 1.21705 , -0.13543, -7.75935, 
 0.05429 , 0.00136 , 1.25472 , 1.25472 , 0.08171, 4.68141, 
 0.08367 , 0.00236 , 1.41760 , 1.41759 , 0.00771, 0.44191, 
 0.08872 , 0.00286 , 1.46059 , 1.46058 , 0.21427, 12.27666, 
 0.29580 , 0.00296 , 1.52804 , 1.52803 , 0.66315, 37.99595, 
 0.17239 , 0.00265 , 1.67302 , 1.67301 , 0.40404, 23.14957, 
 0.18322 , 0.00239 , 1.76287 , 1.76286 , 0.58508, 33.52248, 
 0.09759 , 0.00953 , 1.90275 , 1.90267 , -0.18816, -10.78056, 
 0.10357 , 0.00612 , 1.96053 , 1.96049 , -0.05380, -3.08264, 
 0.14816 , 0.00140 , 2.02787 , 2.02786 , 0.37834, 21.67711, 
 0.21805 , 0.00336 , 2.15188 , 2.15187 , -0.12326, -7.06246, 
 0.12399 , 0.00222 , 2.27904 , 2.27904 , -0.61167, -35.04607, 
 0.17489 , 0.00421 , 2.38113 , 2.38111 , -0.22837, -13.08456, 
 0.15376 , 0.00506 , 2.53735 , 2.53731 , 0.41405, 23.72308, 
 0.32635 , 0.00521 , 2.64333 , 2.64329 , -0.65582, -37.57573, 
 0.13721 , 0.00212 , 2.81646 , 2.81645 , 0.66984, 38.37916, 
 0.17034 , 0.00385 , 3.40308 , 3.40305 , 0.72022, 41.26531, 
 0.11437 , 0.00317 , 3.55791 , 3.55789 , -0.19613, -11.23731, 
 0.16236 , 0.00309 , 3.73608 , 3.73606 , 0.36138, 20.70538, 
 0.08120 , 0.00539 , 3.90137 , 3.90132 , 0.32994, 18.90400, 
 1.11495 , 0.00485 , 4.13298 , 4.13293 , -0.57962, -33.20952, 
 1.28172 , 0.00606 , 4.77771 , 4.77762 , -0.69014, -39.54225, 
 1.11691 , 0.00388 , 5.38145 , 5.38141 , 0.77637, 44.48289, 
 0.42343 , 0.00321 , 6.67832 , 6.67828 , 0.74681, 42.78923, 
 0.12760 , 0.00708 , 7.49371 , 7.49352 , 0.13113, 7.51326, 
 0.20202 , 0.00721 , 7.89330 , 7.89309 , 0.04845, 2.77577, 
 0.09961 , 0.00461 , 8.76982 , 8.76973 , 0.54475, 31.21200, 
 