0.0505710, 0.0010584, 0.8720310, 0.8720305, 0.5976347, 0.4524588 
 0.0508375, 0.0000000, 1.5469117, 1.5469117, 1.1318796, 0.4532522 
 0.1009787, 0.0000000, 1.9704334, 1.9704334, -0.8852679, 0.5697556 
 0.0683374, 0.0055826, 2.2497810, 2.2497460, 0.7818984, 0.5002243 
 0.1387304, 0.0154099, 2.5596102, 2.5593063, 0.8665960, 0.6333871 
 0.0683572, 0.0297293, 2.7087524, 2.7075551, 0.7273368, 0.5002727 
 0.0612103, 0.0510069, 3.2430032, 3.2387818, -0.4119437, 0.4821922 
 0.9443220, 0.0120865, 3.0006950, 3.0004758, 0.1062035, 1.2003798 
 0.8109959, 0.0010589, 3.8253539, 3.8253518, 0.6132368, 1.1409980 
 0.7774737, 0.0019173, 4.1688965, 4.1688889, -1.4018240, 1.1250553 
 0.7796811, 0.0015895, 4.4774438, 4.4774381, -1.2097656, 1.1261191 
 0.5373485, 0.0007914, 5.5595864, 5.5595847, -0.8302447, 0.9947119 
 0.4929399, 0.0006311, 6.0426460, 6.0426448, -1.5218257, 0.9665180 
 0.3964896, 0.0009118, 6.5619353, 6.5619326, 1.5625398, 0.8988542 
 0.6314088, 0.0004197, 7.0568536, 7.0568530, 0.2612380, 1.0496605 
 0.2207457, 0.0012858, 7.5760422, 7.5760359, -0.8456724, 0.7394510 
 0.1109444, 0.0008372, 8.4268142, 8.4268112, 0.1966060, 0.5879140 
 0.1222742, 0.0006433, 9.3622688, 9.3622668, -0.8718807, 0.6072818 
 0.0829637, 0.0007487, 9.8264405, 9.8264378, -0.6486396, 0.5336313 
 0.0542968, 0.0000000, 10.2220513, 10.2220513, 0.9997699, 0.4633084 
 