0.0505710, 0.0008710, 0.8720305, 0.8720302, 0.5151519, 0.4524588 
 0.0508375, 0.0000000, 1.5469083, 1.5469083, -0.0586913, 0.4532522 
 0.1009787, 0.0000000, 1.9704105, 1.9704105, 0.1047546, 0.5697556 
 0.0683374, 0.0000000, 2.2503914, 2.2503914, 0.0808431, 0.5002243 
 0.1387304, 0.0000000, 2.5667055, 2.5667055, 0.4607539, 0.6333871 
 0.0683572, 0.0015013, 2.7585195, 2.7585164, -0.1766424, 0.5002727 
 0.0612103, 0.0028416, 2.8651693, 2.8651578, -1.3861252, 0.4821922 
 0.9443220, 0.0003263, 3.0189981, 3.0189979, 0.6471113, 1.2003798 
 0.8109959, 0.0007880, 3.8250092, 3.8250080, 1.5358508, 1.1409980 
 0.7774737, 0.0017737, 4.1685008, 4.1684943, -1.5334913, 1.1250553 
 0.7796811, 0.0017014, 4.4780374, 4.4780310, 0.9362725, 1.1261191 
 0.5373485, 0.0004055, 5.5595752, 5.5595747, 0.5904035, 0.9947119 
 0.4929399, 0.0004529, 6.0412913, 6.0412907, 1.0946930, 0.9665180 
 0.3964896, 0.0009342, 6.5639236, 6.5639208, -0.6781933, 0.8988542 
 0.6314088, 0.0009287, 7.0567349, 7.0567318, -0.3247919, 1.0496605 
 0.2207457, 0.0008054, 7.5757132, 7.5757107, -0.6465835, 0.7394510 
 0.1109444, 0.0000000, 8.4268686, 8.4268686, 1.3650647, 0.5879140 
 0.1222742, 0.0000000, 9.3622375, 9.3622375, 1.5084348, 0.6072818 
 0.0829637, 0.0000000, 9.8259355, 9.8259355, -0.6770271, 0.5336313 
 0.0542968, 0.0000000, 10.2223929, 10.2223929, 0.1227140, 0.4633084 
 