0.1067857, 0.0000000, 1.0792906, 1.0792906, 0.9355592, 0.5804743 
 0.1243557, 0.0006526, 1.2879101, 1.2879098, -0.7869625, 0.6107084 
 0.0549523, 0.0003203, 1.3904982, 1.3904981, 0.8043586, 0.4651653 
 0.0637462, 0.0006576, 1.4403694, 1.4403691, -1.4925256, 0.4887612 
 0.0723583, 0.0008310, 1.5259808, 1.5259803, 1.2276163, 0.5098490 
 0.1941673, 0.0003652, 1.6668491, 1.6668490, 1.2330334, 0.7084959 
 0.1115827, 0.0017295, 1.7769490, 1.7769463, 0.8589313, 0.5890392 
 0.1001386, 0.0011067, 1.8605916, 1.8605904, 0.6557730, 0.5681711 
 0.2164283, 0.0003970, 1.9478453, 1.9478451, 0.9380631, 0.7345985 
 0.1915185, 0.0014017, 2.0757279, 2.0757259, 0.4309194, 0.7052595 
 0.1025633, 0.0011434, 2.2146461, 2.2146447, 0.2966228, 0.5727205 
 0.1361892, 0.0011711, 2.2914937, 2.2914921, 0.0088391, 0.6294959 
 0.1155923, 0.0004044, 2.3949260, 2.3949258, 0.1420765, 0.5960119 
 0.1599055, 0.0003562, 2.6431667, 2.6431665, -0.2123804, 0.6640995 
 0.1698656, 0.0006494, 2.7561247, 2.7561241, 1.1810449, 0.6776111 
 0.1675671, 0.0005470, 2.8645930, 2.8645925, -1.4209277, 0.6745408 
 0.1152895, 0.0008211, 2.9711949, 2.9711939, -1.4129624, 0.5954910 
 0.2528108, 0.0004222, 3.2437448, 3.2437445, 0.6471715, 0.7736488 
 0.1346735, 0.0005651, 3.4612414, 3.4612409, -0.0311526, 0.6271519 
 0.1137415, 0.0004410, 3.7977618, 3.7977614, 0.6836332, 0.5928137 
 0.1309085, 0.0013536, 4.0487631, 4.0487594, -0.7712482, 0.6212522 
 0.0792219, 0.0006501, 4.2081952, 4.2081944, 1.4484581, 0.5254852 
 1.0151272, 0.0016618, 4.4730643, 4.4730582, -0.0751360, 1.2296612 
 1.2815738, 0.0011182, 4.8387982, 4.8387952, 0.9539790, 1.3290047 
 0.5482113, 0.0004658, 5.3268895, 5.3268889, -1.1374099, 1.0013702 
 0.4501039, 0.0006741, 5.7291227, 5.7291214, -0.6024625, 0.9376690 
 0.3168322, 0.0003205, 6.1470631, 6.1470627, 0.2155725, 0.8341070 
 0.1868066, 0.0003763, 6.7191923, 6.7191918, 0.9903031, 0.6994275 
 0.1603869, 0.0000000, 7.3598294, 7.3598294, 0.1549018, 0.6647652 
 0.1067837, 0.0000000, 7.7233679, 7.7233679, 0.4998387, 0.5804706 
 0.1603056, 0.0000000, 8.0343657, 8.0343657, 1.5365663, 0.6646528 
 0.0555982, 0.0004196, 8.3936543, 8.3936536, -0.1772855, 0.4669807 
 0.0709759, 0.0000000, 8.9395178, 8.9395178, -1.2895308, 0.5065811 
 0.0695178, 0.0000000, 9.3675510, 9.3675510, -1.3665150, 0.5030880 
 