0.1098344, 0.0055803, 1.0191078, 1.0190919, -1.4377821, 0.5859467 
 0.1964248, 0.0221131, 1.2840133, 1.2836993, -1.4078891, 0.7112311 
 0.1200859, 0.1993745, 1.7967523, 1.7606796, -0.7602082, 0.6036372 
 1.3418640, 0.0855009, 2.3720309, 2.3633448, -0.6987092, 1.3495267 
 0.5058898, 0.1146435, 1.6049900, 1.5944078, 1.0887499, 0.9749088 
 3.7031523, 0.0737262, 4.5797599, 4.5672962, -0.5120414, 1.8929356 
 0.0792219, 0.0853317, 8.2477228, 8.2176401, -1.1603232, 0.5254852 
 0.8800496, 0.0517564, 6.9015070, 6.8922572, -0.1303544, 1.1725041 
 0.1603056, 0.0610520, 10.1772144, 10.1582296, -0.2833765, 0.6646528 
 0.0695178, 0.3112513, 10.4499024, 9.9308313, 1.4420492, 0.5030880 
 0.0006497, 0.9992318, 472.5411214, 18.5188967, 1.5163882, 0.1059709 
 0.0007888, 0.9442239, 4.6909990, 1.5447657, 0.3018683, 0.1130478 
 