0.7650465, 0.3938679, 0.3624271, 0.3331310, -0.4891913, 1.1190288 
 0.5173892, 0.0024094, 0.8830991, 0.8830966, -0.5692914, 0.9822404 
 0.4524006, 0.0000000, 1.3452416, 1.3452416, -0.8893161, 0.9392612 
 1.0753628, 0.0000000, 1.9634132, 1.9634132, 1.1032492, 1.2535173 
 0.3226976, 0.0003680, 2.6806841, 2.6806839, -0.6741553, 0.8392227 
 0.3820496, 0.0006856, 2.8107760, 2.8107754, 0.8250127, 0.8878070 
 0.4702637, 0.0041819, 3.0006866, 3.0006604, -1.0287192, 0.9514642 
 0.5421242, 0.0013465, 3.1608826, 3.1608797, -1.0323667, 0.9976501 
 6.0510782, 0.0009658, 3.6504501, 3.6504484, 1.2567685, 2.2295792 
 3.5717637, 0.0019903, 4.7425217, 4.7425123, -1.1378143, 1.8702783 
 3.2871504, 0.0016369, 5.4977527, 5.4977454, -1.4177664, 1.8192198 
 2.2681748, 0.0007626, 6.7689542, 6.7689522, -1.5675143, 1.6075735 
 1.8908294, 0.0005935, 7.4394101, 7.4394088, -1.5123508, 1.5129669 
 1.5654000, 0.0000000, 8.2364781, 8.2364781, -1.5440837, 1.4206500 
 1.3551056, 0.0003759, 9.0258263, 9.0258257, -0.8060371, 1.3539513 
 0.5817251, 0.0014834, 9.7069760, 9.7069654, -1.1219658, 1.0213735 
 0.5377532, 0.0007587, 10.2567770, 10.2567741, -1.1296717, 0.9949616 
 0.2176597, 0.0009934, 10.7609071, 10.7609018, -1.4517775, 0.7359890 
 0.1287218, 0.0008733, 11.6730729, 11.6730684, -1.0623930, 0.6177737 
 0.2152159, 0.0003554, 12.1992457, 12.1992450, -1.3296035, 0.7332242 
 0.0901337, 0.0000000, 12.7054253, 12.7054253, -0.9721966, 0.5485813 
 0.1207401, 0.0000000, 13.0924004, 13.0924004, -0.4868425, 0.6047313 
 0.0928736, 0.0000000, 13.8228979, 13.8228979, -0.6785998, 0.5540847 
 0.0618116, 0.0000000, 14.6595869, 14.6595869, 0.6924487, 0.4837661 
 