4590.85349 , 0.00107 , 1.16884 , 1.16884 , 0.37849, 21.68599, 
 3.82437 , 0.84130 , 20.94772 , 11.32363 , 0.49859, 28.56714, 
 3.02614 , 0.40858 , 8.34582 , 7.61742 , -0.51132, -29.29675, 
 2.01876 , 0.39777 , 9.23794 , 8.47568 , -0.03633, -2.08159, 
 0.41126 , 0.68334 , 9.42038 , 6.87783 , -0.53976, -30.92587, 
 0.19842 , 1.23837 , 25.97605 , 18.97416 , -0.11702, -6.70480, 
 0.15779 , 0.72602 , 10.19837 , 7.01316 , -0.53362, -30.57403, 
 0.09059 , 1.16623 , 42.92433 , 25.75830 , -0.27408, -15.70349, 
 0.14557 , 0.70344 , 11.65969 , 8.28718 , 0.38083, 21.82020, 
 0.05543 , 0.70509 , 12.88422 , 9.13649 , 0.57567, 32.98363, 
 