4590.85349 , 0.00064 , 1.16884 , 1.16884 , 0.19785, 11.33623, 
 3.82437 , 0.40814 , 5.67183 , 5.17793 , -0.68982, -39.52367, 
 3.02614 , 0.79619 , 19.11091 , 11.56289 , -0.76555, -43.86298, 
 2.01876 , 0.55278 , 8.33788 , 6.94819 , -0.35903, -20.57066, 
 0.41126 , 0.69327 , 9.29708 , 6.70020 , -0.09113, -5.22115, 
 0.19842 , 0.67775 , 10.23948 , 7.52897 , -0.63214, -36.21913, 
 0.15779 , 1.37813 , 16.53817 , 15.68290 , 0.69416, 39.77272, 
 0.09059 , 0.66905 , 11.48139 , 8.53317 , -0.44864, -25.70530, 
 0.14557 , 0.77019 , 10.43489 , 6.65549 , 0.35489, 20.33380, 
 0.05543 , 0.77882 , 11.37786 , 7.13667 , 0.09256, 5.30317, 
 