3626.4443713, 0.0083092, 0.5054273, 0.5054099, -0.5505682, 18.7977410 
 3.4149313, 0.0014323, 3.4344159, 3.4344124, 1.1148656, 1.8424936 
 3.3577846, 0.0065708, 4.0859567, 4.0858685, -0.0424591, 1.8321580 
 3.0772733, 0.0115601, 5.3198956, 5.3195401, -0.8498434, 1.7796476 
 3.0202486, 0.0094631, 6.2896529, 6.2893713, -0.8739952, 1.7685861 
 2.4274959, 0.0198927, 7.2535384, 7.2521031, 0.1620459, 1.6443648 
 0.5483359, 0.0164980, 9.5419150, 9.5406163, 1.4520464, 1.0014460 
 0.2087484, 0.0006466, 10.9333330, 10.9333307, -1.4893804, 0.7258045 
 0.2395878, 0.0107469, 11.4022944, 11.4016360, -1.0301575, 0.7599183 
 0.1036647, 0.0171196, 11.8735627, 11.8718226, -0.6315949, 0.5747631 
 0.1351472, 0.0195666, 12.4614783, 12.4590927, 1.4983324, 0.6278863 
 0.1159697, 0.0156059, 13.0311253, 13.0295384, -0.4023913, 0.5966598 
 