31837.4527175, 0.1897135, 0.1315187, 0.1291303, 0.2292953, 38.7785374 
 1851.6196047, 0.1279837, 2.0180984, 2.0015021, -0.9449813, 15.0243576 
 3.9105761, 0.0108404, 7.9342657, 7.9337995, 1.0862790, 1.9276384 
 2.8916563, 0.1422568, 9.9013384, 9.8006396, -0.3806546, 1.7431210 
 1.9520247, 0.1384618, 11.3138698, 11.2048920, 0.3894226, 1.5291160 
 0.9643239, 0.0144637, 12.4435049, 12.4422033, -0.3469910, 1.2087959 
 1.0232275, 0.1241172, 13.7860918, 13.6794917, -1.0439546, 1.2329233 
 0.6143561, 0.1320514, 14.9834642, 14.8522520, 1.2047083, 1.0401246 
 0.3703738, 0.0492916, 15.8561811, 15.8369068, -1.4416210, 0.8786692 
 0.2847672, 0.0611716, 17.3958387, 17.3632610, -0.0741044, 0.8049618 
 0.1393412, 0.1108718, 18.4649428, 18.3511013, 0.0937871, 0.6343153 
 0.1122145, 0.1368903, 19.3197854, 19.1379131, 1.0922433, 0.5901490 
 0.1511888, 0.1495957, 20.2974951, 20.0690925, 0.1708169, 0.6518063 
 0.0546969, 0.1047202, 22.5209635, 22.3971369, -1.2241308, 0.4644436 
 