1851.6196047, 0.1305951, 2.0490080, 2.0314598, -0.8320844, 15.0243576 
 0.9643239, 0.4276238, 19.9474026, 18.0315904, 0.8915279, 1.2087959 
 1.6342693, 0.1382770, 14.0251770, 13.8904455, 0.2508372, 1.4411854 
 0.3703738, 0.5754402, 28.2999071, 23.1449048, 1.2442348, 0.8786692 
 0.2847672, 0.3253103, 22.2591725, 21.0484364, 1.2510445, 0.8049618 
 0.1122145, 0.4039013, 23.9726201, 21.9302141, 1.2679861, 0.5901490 
 0.1511888, 0.1903760, 26.8439113, 26.3529695, -0.2039493, 0.6518063 
 0.0546969, 0.4344179, 34.4151190, 30.9980907, -0.9997749, 0.4644436 
 0.0008286, 0.6609753, 15.8282390, 11.8776323, 1.1408437, 0.1149172 
 0.0008286, 0.8835776, 73.4822148, 34.4105983, 1.1997709, 0.1149172 
 0.0008286, 0.9284507, 73.2004335, 27.1907191, 1.2055268, 0.1149172 
 