1.1807411, 0.0000000, 3.0937152, 3.0937152, 1.2241696, 1.2931936 
 1.3877921, 0.0003239, 4.1544941, 4.1544939, -1.4206462, 1.3647511 
 1.2511975, 0.0005295, 5.3734912, 5.3734904, 1.5294186, 1.3184205 
 1.0477096, 0.0000000, 6.4399308, 6.4399308, 0.1820586, 1.2426790 
 0.8155104, 0.0004199, 7.3635967, 7.3635961, -0.9808918, 1.1431112 
 0.4149312, 0.0004874, 8.6151510, 8.6151500, -0.9491991, 0.9125795 
 0.4315660, 0.0000000, 9.2639427, 9.2639427, -1.0276580, 0.9246152 
 0.4605801, 0.0003987, 9.7546137, 9.7546130, 0.8253525, 0.9448881 
 0.1904868, 0.0005094, 10.5904941, 10.5904927, 0.2786059, 0.7039908 
 0.1953656, 0.0000000, 11.5877431, 11.5877431, -1.2674670, 0.7099504 
 0.0828331, 0.0000000, 12.2902514, 12.2902514, 1.2096895, 0.5333513 
 0.0563782, 0.0000000, 12.7194073, 12.7194073, -0.2005986, 0.4691542 
 0.0517716, 0.0000000, 13.1990636, 13.1990636, 0.6326963, 0.4560116 
 