1.1807411, 0.0000000, 3.0937123, 3.0937123, -0.1606928, 1.2931936 
 1.3877921, 0.0000000, 4.1544997, 4.1544997, -0.5100648, 1.3647511 
 1.2511975, 0.0000000, 5.3734810, 5.3734810, -0.6458919, 1.3184205 
 1.0477096, 0.0000000, 6.4398148, 6.4398148, 0.0649074, 1.2426790 
 0.8155104, 0.0003550, 7.3632523, 7.3632519, 1.4529302, 1.1431112 
 0.4149312, 0.0018973, 8.6172520, 8.6172365, 0.6932180, 0.9125795 
 0.4315660, 0.0013326, 9.2627892, 9.2627810, 1.3413251, 0.9246152 
 0.4605801, 0.0017348, 9.7543919, 9.7543772, -0.2420352, 0.9448881 
 0.1904868, 0.0027946, 10.5906175, 10.5905761, 0.3172193, 0.7039908 
 0.1953656, 0.0007872, 11.5886738, 11.5886702, -0.3733179, 0.7099504 
 0.0828331, 0.0010185, 12.2909779, 12.2909715, -0.7141314, 0.5333513 
 0.0563782, 0.0056075, 12.7178587, 12.7176588, -1.2822497, 0.4691542 
 0.0517716, 0.0012188, 13.2006241, 13.2006143, 0.3285582, 0.4560116 
 