1.1606421, 0.0094473, 0.2733463, 0.2733341, 1.4457065, 1.2858138 
 1.3089519, 0.0062738, 0.4898386, 0.4898289, 0.9649736, 1.3384019 
 1.4955648, 0.0006658, 1.0362422, 1.0362420, 0.1314303, 1.3992020 
 1.1207136, 0.0000000, 2.1578942, 2.1578942, 0.9139663, 1.2708966 
 1.2184016, 0.0009313, 2.7114036, 2.7114025, 0.9185893, 1.3067990 
 1.2593817, 0.0013658, 3.1590599, 3.1590569, 0.5822032, 1.3212889 
 2.0175773, 0.0000000, 3.9538554, 3.9538554, 0.0821509, 1.5460447 
 1.4916260, 0.0031593, 5.2914095, 5.2913831, -0.9130922, 1.3979725 
 0.8431590, 0.0069513, 5.9970349, 5.9968900, 0.3574404, 1.1558864 
 0.3240432, 0.0027913, 6.8570417, 6.8570150, 0.1905562, 0.8403876 
 0.2774833, 0.0068616, 7.2668924, 7.2667213, 0.7759837, 0.7980393 
 0.2236782, 0.0040255, 8.3181784, 8.3181110, 0.0058641, 0.7427110 
 0.0793332, 0.0048364, 8.7323897, 8.7322876, 0.9286066, 0.5257311 
 0.1022975, 0.0016200, 9.0787599, 9.0787480, 1.2391519, 0.5722252 
 0.0646086, 0.0075008, 9.5792347, 9.5789652, 0.8233228, 0.4909555 
 0.0598419, 0.0040916, 10.1860494, 10.1859641, -0.5694630, 0.4785718 
 