1.1606421, 0.0338889, 0.2736337, 0.2734765, -0.0540793, 1.2858138 
 1.3089519, 0.0065479, 0.4898423, 0.4898318, 1.2492300, 1.3384019 
 1.4955648, 0.0006679, 1.0362446, 1.0362444, -0.3055486, 1.3992020 
 1.1207136, 0.0000000, 2.1577076, 2.1577076, -0.3400164, 1.2708966 
 1.2184016, 0.0012542, 2.7114129, 2.7114108, -0.8425048, 1.3067990 
 1.2593817, 0.0011707, 3.1592183, 3.1592161, 0.4345702, 1.3212889 
 2.0175773, 0.0000000, 3.9540835, 3.9540835, -1.0175712, 1.5460447 
 1.4916260, 0.0008054, 5.2912686, 5.2912669, -0.6563306, 1.3979725 
 0.8431590, 0.0006372, 5.9978055, 5.9978043, 1.4032967, 1.1558864 
 0.3240432, 0.0003692, 6.8557944, 6.8557939, -0.0569675, 0.8403876 
 0.2774833, 0.0009994, 7.2634248, 7.2634211, 1.0473091, 0.7980393 
 0.2236782, 0.0000000, 8.3191961, 8.3191961, -0.9618260, 0.7427110 
 0.0793332, 0.0005485, 8.7284444, 8.7284431, -0.4824540, 0.5257311 
 0.1022975, 0.0003941, 9.0767658, 9.0767651, 1.5070768, 0.5722252 
 0.0646086, 0.0000000, 9.5802205, 9.5802205, 1.5303321, 0.4909555 
 0.0598419, 0.0000000, 10.1859791, 10.1859791, -0.2089421, 0.4785718 
 