5.4530910, 0.0000000, 2.5972677, 2.5972677, -0.1524285, 2.1535729 
 2.2290575, 0.0000000, 9.8084631, 9.8084631, -0.6867571, 1.5982783 
 1.7502057, 0.0000000, 11.8535099, 11.8535099, -0.0844416, 1.4744895 
 1.2880165, 0.0005333, 14.4499923, 14.4499903, 0.1219414, 1.3312280 
 1.0974567, 0.0000000, 16.2293237, 16.2293237, 0.6201198, 1.2620439 
 0.7647350, 0.0000000, 18.7379305, 18.7379305, -1.0400967, 1.1188769 
 0.3458920, 0.0000000, 23.4224548, 23.4224548, 0.2028029, 0.8588661 
 0.2800350, 0.0000000, 24.7165910, 24.7165910, -0.6498534, 0.8004780 
 0.2898645, 0.0000000, 26.3196821, 26.3196821, 0.4178084, 0.8097364 
 0.1088134, 0.0000000, 27.9279536, 27.9279536, 1.5680039, 0.5841255 
 0.0953310, 0.0000000, 29.4168003, 29.4168003, -1.3161220, 0.5589291 
 