5.4530910, 0.0000000, 2.5972618, 2.5972618, -0.1765448, 2.1535729 
 2.2290575, 0.0026474, 9.8078178, 9.8077835, -1.5281395, 1.5982783 
 1.7502057, 0.0027610, 11.8552717, 11.8552265, 0.2041516, 1.4744895 
 1.2880165, 0.0009198, 14.4485544, 14.4485483, 1.3693071, 1.3312280 
 1.0974567, 0.0005810, 16.2299244, 16.2299216, 1.5302132, 1.2620439 
 0.7647350, 0.0004394, 18.7374332, 18.7374314, 0.1802507, 1.1188769 
 0.3458920, 0.0010964, 23.4202265, 23.4202124, -0.9409766, 0.8588661 
 0.2800350, 0.0028269, 24.7183221, 24.7182233, -0.5773130, 0.8004780 
 0.2898645, 0.0016501, 26.3227798, 26.3227439, -0.0076332, 0.8097364 
 0.1088134, 0.0011433, 27.9295013, 27.9294830, -0.5102013, 0.5841255 
 0.0953310, 0.0006068, 29.4149166, 29.4149112, -0.6289738, 0.5589291 
 