1.44895 , 0.34782 , 0.56925 , 0.53370 , 0.56935, 32.62140, 
 0.75319 , 0.05090 , 1.17723 , 1.17570 , -0.61350, -35.15071, 
 0.60803 , 0.01481 , 1.54649 , 1.54632 , 0.70476, 40.37958, 
 0.58427 , 0.04243 , 1.82573 , 1.82408 , 0.26219, 15.02235, 
 1.67747 , 0.08839 , 2.36735 , 2.35809 , 0.62974, 36.08156, 
 98.43706 , 0.00729 , 3.35822 , 3.35813 , 0.41246, 23.63244, 
 4.29952 , 0.05863 , 5.56734 , 5.55776 , 0.33095, 18.96228, 
 5.04142 , 0.08994 , 6.82196 , 6.79432 , 0.38356, 21.97620, 
 0.58008 , 0.53214 , 16.09101 , 13.62360 , -0.11935, -6.83817, 
 0.17148 , 0.07882 , 9.95503 , 9.92406 , 0.72138, 41.33179, 
 0.21925 , 0.06755 , 8.57352 , 8.55394 , 0.08262, 4.73399, 
 0.13714 , 0.32111 , 14.85663 , 14.06984 , 0.10190, 5.83872, 
 0.08409 , 0.03611 , 10.25681 , 10.25012 , -0.67861, -38.88146, 
 0.06354 , 0.22053 , 14.87552 , 14.50929 , -0.68461, -39.22511, 
 0.05636 , 0.20987 , 9.52374 , 9.31164 , -0.46073, -26.39790, 
 0.00084 , 0.86458 , 23.74827 , 11.93321 , 0.33432, 19.15509, 
 0.00110 , 0.79631 , 17.78760 , 10.75955 , -0.71475, -40.95192, 
 0.00110 , 0.37523 , 7.98066 , 7.39752 , 0.47388, 27.15117, 
 