0.08357 , 0.15991 , 0.14072 , 0.13891 , -0.34581, -19.81324, 
 0.08720 , 0.14567 , 0.28171 , 0.27871 , 0.40606, 23.26566, 
 0.08314 , 0.12337 , 0.36125 , 0.35849 , -0.65883, -37.74827, 
 0.06522 , 0.14039 , 0.45034 , 0.44588 , -0.24495, -14.03438, 
 1.30699 , 0.14823 , 0.52273 , 0.51696 , -0.05950, -3.40935, 
 0.51967 , 0.14479 , 1.14439 , 1.13233 , -0.16039, -9.18993, 
 0.25727 , 0.14380 , 1.45938 , 1.44421 , -0.76740, -43.96892, 
 0.23557 , 0.14399 , 1.53730 , 1.52128 , -0.72613, -41.60435, 
 0.25016 , 0.14588 , 1.61929 , 1.60197 , 0.19829, 11.36106, 
 0.35260 , 0.14535 , 1.69360 , 1.67561 , -0.10808, -6.19273, 
 0.33667 , 0.14366 , 1.83997 , 1.82088 , -0.07261, -4.16017, 
 0.38961 , 0.14184 , 2.27707 , 2.25404 , -0.25012, -14.33097, 
 0.73146 , 0.14308 , 2.43550 , 2.41045 , 0.00348, 0.19938, 
 0.56192 , 0.13952 , 2.68853 , 2.66223 , 0.44741, 25.63443, 
 0.62286 , 0.10612 , 2.86397 , 2.84780 , -0.40626, -23.27725, 
 96.06603 , 0.14441 , 3.42683 , 3.39091 , -0.75318, -43.15415, 
 4.29952 , 0.14425 , 4.93037 , 4.87880 , -0.11590, -6.64052, 
 2.94452 , 0.15471 , 6.10692 , 6.03339 , 0.28718, 16.45447, 
 2.10129 , 0.15166 , 6.93794 , 6.85769 , 0.50070, 28.68787, 
 1.17633 , 0.15036 , 7.58674 , 7.50049 , -0.32995, -18.90479, 
 0.59280 , 0.13593 , 8.14829 , 8.07265 , 0.74871, 42.89773, 
 0.58008 , 0.14020 , 8.67589 , 8.59021 , -0.59989, -34.37138, 
 0.17038 , 0.12725 , 9.09020 , 9.01631 , 0.55969, 32.06766, 
 0.21925 , 0.16835 , 9.57459 , 9.43793 , 0.71199, 40.79425, 
 0.13714 , 0.14627 , 10.09998 , 9.99135 , -0.67818, -38.85688, 
 0.08325 , 0.13598 , 11.00286 , 10.90067 , 0.66392, 38.04004, 
 0.06354 , 0.14424 , 11.72622 , 11.60360 , 0.04456, 2.55321, 
 0.05636 , 0.14047 , 12.07093 , 11.95125 , 0.24886, 14.25888, 
 