26834.89100 , 0.41189 , 0.13941 , 0.12703 , 0.60551, 34.69342, 
 30432.97836 , 0.87356 , 0.86546 , 0.42123 , 0.26601, 15.24114, 
 5.31152 , 4.89336 , 0.26471 , 1.26796 , -0.57642, -33.02646, 
 3.18875 , 0.86538 , 3.51727 , 1.76257 , -0.08065, -4.62076, 
 4.55859 , 3.06761 , 0.97742 , 2.83457 , 0.00648, 0.37114, 
 1.12176 , 9.39563 , 0.10912 , 1.01942 , -0.43351, -24.83846, 
 1.24382 , 0.99437 , 1.05679 , 0.11199 , 0.06441, 3.69067, 
 0.64503 , 12.38438 , 0.07511 , 0.92715 , 0.27689, 15.86451, 
 0.30422 , 0.99444 , 1.25510 , 0.13219 , 0.41599, 23.83448, 
 0.22135 , 0.99652 , 1.05042 , 0.08758 , -0.04574, -2.62057, 
 0.08517 , 0.99620 , 1.23119 , 0.10722 , -0.75355, -43.17514, 
 0.11285 , 0.99759 , 1.00354 , 0.06961 , -0.42018, -24.07444, 
 