5416.87821 , 0.37249 , 0.15196 , 0.14102 , -0.14680, -8.41099, 
 4.61285 , 0.94304 , 2.29902 , 0.76486 , -0.53709, -30.77292, 
 2.87929 , 0.98471 , 1.96795 , 0.34286 , 0.17442, 9.99341, 
 1.66199 , 0.98856 , 2.38006 , 0.35900 , -0.45554, -26.10079, 
 1.07474 , 0.99433 , 1.99475 , 0.21211 , 0.30637, 17.55361, 
 0.82131 , 0.99527 , 1.98605 , 0.19296 , 0.39960, 22.89568, 
 0.52473 , 4.78273 , 1.01038 , 4.72556 , 0.11681, 6.69268, 
 0.26829 , 11.48238 , 0.19376 , 2.21636 , -0.63648, -36.46743, 
 0.18743 , 13.30645 , 0.15244 , 2.02265 , -0.02034, -1.16561, 
 0.13655 , 12.61300 , 0.17831 , 2.24194 , -0.38974, -22.33074, 
 0.06309 , 0.99451 , 3.03721 , 0.31785 , -0.15251, -8.73801, 
 0.07700 , 9.46587 , 0.33858 , 3.18699 , -0.13341, -7.64355, 
 0.05591 , 0.99781 , 2.11741 , 0.13996 , -0.18225, -10.44200, 
 