5416.87821 , 0.39381 , 0.15374 , 0.14131 , -0.75919, -43.49851, 
 4.61285 , 0.94227 , 2.31409 , 0.77486 , 0.33835, 19.38615, 
 2.87929 , 0.92701 , 4.23894 , 1.58977 , -0.72698, -41.65266, 
 1.66199 , 0.98971 , 2.25731 , 0.32292 , 0.15315, 8.77477, 
 1.07474 , 0.98952 , 2.70787 , 0.39097 , 0.48933, 28.03628, 
 0.82131 , 0.99378 , 2.27597 , 0.25338 , 0.16594, 9.50759, 
 0.52473 , 0.99532 , 2.13701 , 0.20646 , -0.02617, -1.49930, 
 0.26829 , 0.94935 , 7.97594 , 2.50623 , -0.52126, -29.86595, 
 0.18743 , 3.53917 , 2.32840 , 7.90479 , -0.64111, -36.73287, 
 0.13655 , 1.96458 , 9.84544 , 16.64896 , -0.52329, -29.98207, 
 0.06309 , 0.99753 , 2.02690 , 0.14239 , -0.25435, -14.57328, 
 0.07700 , 0.99776 , 2.00891 , 0.13428 , -0.45736, -26.20502, 
 0.05591 , 0.99804 , 1.99894 , 0.12500 , -0.48025, -27.51613, 
 