16677.64865 , 0.01834 , 2.13986 , 2.13950 , -0.15720, -9.00691, 
 3.53060 , 0.45843 , 5.50360 , 4.89122 , -0.11472, -6.57307, 
 2.63042 , 0.83867 , 22.88181 , 12.46243 , 0.65116, 37.30847, 
 1.94886 , 0.77962 , 21.23904 , 13.30111 , -0.71155, -40.76892, 
 1.17734 , 0.53461 , 8.34297 , 7.05062 , 0.44908, 25.73016, 
 0.80233 , 0.57767 , 9.96609 , 8.13506 , -0.43387, -24.85899, 
 0.76919 , 0.60224 , 9.05784 , 7.23100 , 0.02751, 1.57610, 
 0.28877 , 0.88935 , 56.26783 , 25.72732 , -0.45239, -25.92019, 
 0.13492 , 0.70237 , 10.25379 , 7.29881 , -0.45253, -25.92801, 
 0.11968 , 0.61446 , 11.02281 , 8.69645 , -0.25172, -14.42241, 
 0.11300 , 0.72264 , 11.29132 , 7.80482 , 0.26886, 15.40448, 
 0.05569 , 0.64742 , 12.24258 , 9.33043 , 0.63986, 36.66135, 
 