6394.70212 , 0.00565 , 3.44515 , 3.44509 , 0.66771, 38.25720, 
 4.72866 , 0.20082 , 6.47528 , 6.34337 , -0.73532, -42.13047, 
 14.08243 , 0.28515 , 8.16591 , 7.82688 , -0.29792, -17.06934, 
 1.85495 , 0.14363 , 9.95417 , 9.85096 , -0.07749, -4.43995, 
 1.32662 , 0.22002 , 11.07058 , 10.79929 , -0.75151, -43.05820, 
 0.46548 , 0.23676 , 11.84611 , 11.50929 , 0.35616, 20.40619, 
 0.37152 , 0.63915 , 21.52857 , 16.55731 , 0.10348, 5.92904, 
 0.33024 , 0.26283 , 13.48831 , 13.01409 , -0.41407, -23.72433, 
 0.12179 , 0.29219 , 14.59428 , 13.95737 , 0.40982, 23.48121, 
 0.21846 , 0.29631 , 15.26578 , 14.58021 , -0.57439, -32.91003, 
 0.07973 , 0.33931 , 16.02781 , 15.07698 , 0.58729, 33.64949, 
 0.09892 , 0.40639 , 16.17280 , 14.77709 , 0.15590, 8.93238, 
 0.05853 , 0.38905 , 17.14170 , 15.79119 , 0.77223, 44.24534, 
 