6394.70212 , 0.00357 , 3.44507 , 3.44505 , 0.26671, 15.28114, 
 4.72866 , 0.26748 , 6.34021 , 6.10920 , -0.21608, -12.38041, 
 14.08243 , 0.28278 , 8.04553 , 7.71715 , -0.19934, -11.42121, 
 1.85495 , 0.20273 , 9.83064 , 9.62650 , 0.03864, 2.21373, 
 1.32662 , 0.33166 , 10.69618 , 10.09078 , -0.09726, -5.57249, 
 0.46548 , 0.26483 , 11.67696 , 11.26003 , 0.66268, 37.96887, 
 0.37152 , 0.32783 , 12.17545 , 11.50261 , 0.26096, 14.95208, 
 0.33024 , 0.30203 , 14.77448 , 14.08450 , -0.09846, -5.64107, 
 0.12179 , 0.36802 , 14.16290 , 13.16893 , 0.40851, 23.40588, 
 0.21846 , 0.35778 , 14.95415 , 13.96428 , 0.78337, 44.88366, 
 0.07973 , 0.29245 , 17.82850 , 17.04906 , 0.04485, 2.56957, 
 0.09892 , 0.40292 , 16.19728 , 14.82430 , 0.63787, 36.54752, 
 0.05853 , 0.83967 , 62.20002 , 33.78099 , 0.51005, 29.22367, 
 