0.6856017, 0.0000000, 2.0797247, 2.0797247, -1.5411339, 1.0788704 
 0.8182088, 0.0000000, 2.4902552, 2.4902552, -0.5985586, 1.1443706 
 0.7752820, 0.0000000, 2.8717162, 2.8717162, 1.2634415, 1.1239972 
 0.8160737, 0.0004653, 3.5413895, 3.5413891, 1.5052432, 1.1433743 
 0.9265047, 0.0006513, 4.6423241, 4.6423231, 0.5261418, 1.1927823 
 0.8412100, 0.0000000, 5.4541566, 5.4541566, -0.6334762, 1.1549951 
 0.4269355, 0.0009492, 6.3349149, 6.3349121, 0.5415946, 0.9212965 
 0.7162212, 0.0003809, 6.9349000, 6.9348995, -0.0398176, 1.0946981 
 0.2937115, 0.0000000, 7.4477605, 7.4477605, 0.7642479, 0.8133029 
 0.2511549, 0.0003760, 7.9553164, 7.9553158, -0.2493027, 0.7719560 
 0.1976505, 0.0000000, 8.3956605, 8.3956605, -0.3028845, 0.7127074 
 0.0846069, 0.0000000, 8.7110311, 8.7110311, 0.5564020, 0.5371315 
 0.0659690, 0.0000000, 9.0081710, 9.0081710, -0.8081338, 0.4943774 
 0.0952332, 0.0000000, 9.5012329, 9.5012329, 1.5536420, 0.5587379 
 0.0564376, 0.0000000, 10.3876546, 10.3876546, 0.5649898, 0.4693189 
 