7.12885 , 0.05831 , 6.23467 , 6.22406 , 0.15515, 8.88955, 
 4.77556 , 0.03033 , 7.29859 , 7.29523 , 0.55725, 31.92804, 
 2.73605 , 0.02086 , 9.19417 , 9.19217 , 0.46995, 26.92621, 
 3.04737 , 0.24542 , 9.99606 , 9.69036 , -0.07889, -4.52031, 
 1.45166 , 0.40683 , 17.98352 , 16.42799 , 0.39536, 22.65266, 
 0.56499 , 0.05907 , 14.24514 , 14.22027 , -0.63913, -36.61953, 
 0.22918 , 0.09504 , 17.03314 , 16.95605 , -0.53229, -30.49793, 
 0.06969 , 0.07308 , 16.41019 , 16.36631 , 0.04992, 2.86026, 
 0.09564 , 0.02695 , 18.51993 , 18.51320 , -0.20188, -11.56700, 
 0.00097 , 0.80997 , 46.33292 , 27.17300 , -0.74735, -42.82016, 
 0.00064 , 0.86970 , 10.23074 , 5.04961 , 0.17182, 9.84451, 
 0.00064 , 0.33354 , 9.62921 , 9.07780 , -0.53816, -30.83420, 
 0.00064 , 0.73970 , 4.73261 , 3.18474 , -0.68664, -39.34144, 
 0.00064 , 0.39153 , 9.50712 , 8.74813 , 0.23427, 13.42254, 
 