13368.89742 , 0.08661 , 0.21319 , 0.21239 , 0.09206, 5.27475, 
 7.12885 , 2.51952 , 1.13066 , 2.61474 , -0.50903, -29.16519, 
 4.77556 , 0.95527 , 2.10874 , 0.62360 , -0.57722, -33.07239, 
 2.73605 , 0.98161 , 1.69466 , 0.32348 , 0.38800, 22.23088, 
 2.35020 , 0.97177 , 2.30856 , 0.54464 , -0.48382, -27.72059, 
 1.45166 , 5.36206 , 0.39404 , 2.07580 , 0.66582, 38.14841, 
 0.70007 , 3.28100 , 1.20476 , 3.76474 , 0.19455, 11.14674, 
 0.31927 , 0.98387 , 2.36971 , 0.42388 , -0.39565, -22.66895, 
 0.24826 , 0.98806 , 2.22281 , 0.34241 , -0.51706, -29.62521, 
 0.22918 , 8.57820 , 0.20866 , 1.77771 , -0.67217, -38.51241, 
 0.06969 , 10.33908 , 0.15758 , 1.62155 , -0.11931, -6.83617, 
 0.09564 , 0.99377 , 2.00256 , 0.22325 , 0.74182, 42.50300, 
 