0.4584069, 0.0011182, 2.8486358, 2.8486341, -0.7581638, 0.9433997 
 0.5313166, 0.0014450, 3.4616027, 3.4615991, 0.2544121, 0.9909760 
 1.1186674, 0.0004716, 3.8157199, 3.8157195, 1.3922525, 1.2701226 
 0.9356751, 0.0008315, 4.5410788, 4.5410772, -1.5415939, 1.1967047 
 0.4116611, 0.0012172, 5.3190265, 5.3190225, -1.0426107, 0.9101758 
 0.3685069, 0.0024018, 5.7112610, 5.7112446, -0.1933491, 0.8771904 
 0.4308754, 0.0003601, 6.2130133, 6.2130129, -1.3086102, 0.9241218 
 0.1091623, 0.0008611, 6.7576445, 6.7576420, 0.4957127, 0.5847491 
 0.1001651, 0.0000000, 7.2565910, 7.2565910, -1.4923991, 0.5682213 
 0.1164737, 0.0004116, 7.7668625, 7.7668619, -1.2718402, 0.5975230 
 0.0611707, 0.0004979, 8.5490690, 8.5490679, -0.2359685, 0.4820882 
 