0.4584069, 0.0009467, 2.8487626, 2.8487613, -0.5856385, 0.9433997 
 0.5313166, 0.0008090, 3.4626154, 3.4626143, -1.2472432, 0.9909760 
 1.1186674, 0.0004895, 3.8151236, 3.8151232, -1.3668302, 1.2701226 
 0.9356751, 0.0006405, 4.5410547, 4.5410538, 1.4427934, 1.1967047 
 0.4116611, 0.0008598, 5.3190611, 5.3190591, -0.2160244, 0.9101758 
 0.3685069, 0.0007424, 5.7106017, 5.7106001, 0.1038822, 0.8771904 
 0.4308754, 0.0003662, 6.2139539, 6.2139535, 1.5595221, 0.9241218 
 0.1091623, 0.0006356, 6.7564369, 6.7564355, 0.6858303, 0.5847491 
 0.1001651, 0.0003958, 7.2565873, 7.2565867, -0.1021863, 0.5682213 
 0.1164737, 0.0000000, 7.7669921, 7.7669921, 1.5120078, 0.5975230 
 0.0611707, 0.0000000, 8.5490274, 8.5490274, -0.4426919, 0.4820882 
 