0.10935 , 0.00201 , 0.84277 , 0.84277 , -0.41288, -23.65626, 
 0.10391 , 0.00105 , 1.02748 , 1.02748 , -0.69813, -39.99981, 
 0.09837 , 0.00183 , 1.13353 , 1.13353 , 0.11405, 6.53454, 
 0.13742 , 0.00186 , 1.30731 , 1.30731 , 0.00215, 0.12335, 
 0.05623 , 0.00220 , 1.45949 , 1.45948 , -0.36676, -21.01407, 
 0.06577 , 0.00143 , 1.57093 , 1.57092 , 0.50998, 29.21951, 
 0.08921 , 0.00188 , 1.62328 , 1.62327 , 0.53530, 30.67020, 
 0.06035 , 0.00127 , 1.77144 , 1.77144 , -0.39118, -22.41278, 
 0.09925 , 0.00271 , 1.86027 , 1.86026 , 0.48939, 28.03987, 
 0.10631 , 0.00204 , 2.02524 , 2.02523 , -0.57275, -32.81615, 
 0.07714 , 0.00394 , 2.20708 , 2.20706 , -0.30009, -17.19369, 
 0.09220 , 0.00290 , 2.30744 , 2.30743 , -0.06483, -3.71461, 
 0.12959 , 0.00345 , 2.91531 , 2.91529 , 0.42854, 24.55372, 
 0.10242 , 0.00388 , 3.01908 , 3.01906 , -0.11892, -6.81380, 
 0.12098 , 0.00244 , 3.18564 , 3.18563 , -0.08616, -4.93687, 
 0.16313 , 0.00217 , 3.32423 , 3.32423 , -0.24969, -14.30630, 
 0.13031 , 0.00396 , 3.53749 , 3.53746 , -0.20870, -11.95760, 
 0.12212 , 0.00457 , 3.70537 , 3.70534 , 0.17435, 9.98962, 
 0.09656 , 0.00288 , 3.97025 , 3.97024 , -0.43666, -25.01896, 
 0.46348 , 0.00374 , 4.15710 , 4.15707 , 0.39767, 22.78487, 
 1.02940 , 0.00275 , 4.43423 , 4.43421 , -0.67898, -38.90272, 
 0.77637 , 0.00554 , 5.53908 , 5.53900 , -0.59440, -34.05681, 
 0.60029 , 0.00272 , 6.11722 , 6.11720 , -0.53923, -30.89568, 
 0.34960 , 0.00954 , 6.55328 , 6.55299 , -0.26370, -15.10884, 
 0.24833 , 0.00668 , 7.47276 , 7.47259 , 0.18818, 10.78170, 
 