0.10935 , 0.00225 , 0.84278 , 0.84277 , 0.12915, 7.39983, 
 0.10391 , 0.00097 , 1.02748 , 1.02748 , -0.51595, -29.56159, 
 0.09837 , 0.00311 , 1.13354 , 1.13353 , 0.30647, 17.55943, 
 0.13742 , 0.00237 , 1.30733 , 1.30732 , 0.21168, 12.12837, 
 0.05623 , 0.00213 , 1.45951 , 1.45951 , -0.04419, -2.53217, 
 0.06577 , 0.00324 , 1.57101 , 1.57100 , 0.76997, 44.11609, 
 0.08921 , 0.00369 , 1.62318 , 1.62317 , 0.29583, 16.94984, 
 0.06035 , 0.00116 , 1.77145 , 1.77145 , -0.04633, -2.65432, 
 0.09925 , 0.00137 , 1.86026 , 1.86026 , 0.03662, 2.09821, 
 0.10631 , 0.00427 , 2.02528 , 2.02527 , -0.55517, -31.80898, 
 0.07714 , 0.00351 , 2.20717 , 2.20715 , 0.63224, 36.22480, 
 0.09220 , 0.00471 , 2.30737 , 2.30735 , 0.68053, 38.99133, 
 0.12959 , 0.00251 , 2.91602 , 2.91601 , 0.01036, 0.59335, 
 0.10242 , 0.00508 , 3.01795 , 3.01791 , 0.05117, 2.93182, 
 0.12098 , 0.00372 , 3.18426 , 3.18424 , -0.74581, -42.73158, 
 0.16313 , 0.00317 , 3.32540 , 3.32539 , -0.20804, -11.91957, 
 0.13031 , 0.00258 , 3.53750 , 3.53749 , -0.62836, -36.00227, 
 0.12212 , 0.00247 , 3.70540 , 3.70539 , -0.18220, -10.43932, 
 0.09656 , 0.00355 , 3.96787 , 3.96784 , -0.28237, -16.17846, 
 0.46348 , 0.00290 , 4.15736 , 4.15734 , 0.17491, 10.02173, 
 1.02940 , 0.00214 , 4.43432 , 4.43431 , 0.14391, 8.24522, 
 0.77637 , 0.00484 , 5.53899 , 5.53892 , 0.25071, 14.36471, 
 0.60029 , 0.00386 , 6.11714 , 6.11709 , -0.22525, -12.90611, 
 0.34960 , 0.00369 , 6.55402 , 6.55398 , -0.55350, -31.71344, 
 0.24833 , 0.00559 , 7.47286 , 7.47274 , 0.57220, 32.78480, 
 