4.3745154, 0.0000000, 4.4717690, 4.4717690, -0.5368023, 2.0010379 
 2.8007673, 0.0004232, 7.6695252, 7.6695245, -0.6078220, 1.7246633 
 1.8979958, 0.0007688, 8.9919025, 8.9918998, -0.7252521, 1.5148760 
 1.4820465, 0.0003339, 9.8929357, 9.8929352, 0.2222340, 1.3949734 
 1.2758237, 0.0000000, 11.1528659, 11.1528659, 1.1546797, 1.3270141 
 0.8210457, 0.0003710, 12.3876903, 12.3876895, -0.0983518, 1.1456917 
 0.2911837, 0.0011109, 13.3114844, 13.3114761, -0.6558388, 0.8109630 
 0.3719726, 0.0000000, 14.1007248, 14.1007248, 0.3252480, 0.8799317 
 0.1842149, 0.0000000, 15.1715751, 15.1715751, 1.0886888, 0.6961779 
 0.1525603, 0.0000000, 15.9280354, 15.9280354, 0.4930511, 0.6537713 
 0.0775894, 0.0000000, 16.8899937, 16.8899937, 0.3188291, 0.5218504 
 0.1280013, 0.0000000, 17.5830209, 17.5830209, 0.3851067, 0.6166188 
 0.0660635, 0.0000000, 18.3409189, 18.3409189, -0.5661976, 0.4946133 
 