4.3745154, 0.0000000, 4.4717720, 4.4717720, -0.1845790, 2.0010379 
 2.8007673, 0.0009424, 7.6695026, 7.6694992, 0.6627443, 1.7246633 
 1.8979958, 0.0026929, 8.9914011, 8.9913684, 0.5931512, 1.5148760 
 1.4820465, 0.0026244, 9.8947445, 9.8947105, -0.5131874, 1.3949734 
 1.2758237, 0.0028494, 11.1514494, 11.1514041, -0.6886840, 1.3270141 
 0.8210457, 0.0019375, 12.3915538, 12.3915306, 0.5054504, 1.1456917 
 0.2911837, 0.0059405, 13.2932877, 13.2930532, -0.7836564, 0.8109630 
 0.3719726, 0.0018527, 14.1033993, 14.1033751, -0.6821208, 0.8799317 
 0.1842149, 0.0056274, 15.1704544, 15.1702142, 0.6737100, 0.6961779 
 0.1525603, 0.0031244, 15.9447397, 15.9446619, -1.5402604, 0.6537713 
 0.0775894, 0.0028208, 16.8771034, 16.8770362, 1.0325369, 0.5218504 
 0.1280013, 0.0034941, 17.5896064, 17.5894991, -0.4056659, 0.6166188 
 0.0660635, 0.0036964, 18.3389046, 18.3387793, -0.6927418, 0.4946133 
 