0.12771 , 0.00046 , 1.11035 , 1.11035 , 0.53269, 30.52081, 
 0.05098 , 0.00168 , 1.23505 , 1.23505 , 0.21795, 12.48740, 
 0.06098 , 0.00427 , 1.32400 , 1.32399 , 0.00026, 0.01490, 
 0.08815 , 0.00265 , 1.36688 , 1.36688 , 0.18997, 10.88441, 
 0.07430 , 0.00428 , 1.46846 , 1.46845 , 0.54031, 30.95724, 
 0.09992 , 0.00171 , 1.51300 , 1.51300 , -0.04865, -2.78730, 
 0.06996 , 0.00173 , 1.60353 , 1.60353 , -0.30120, -17.25743, 
 0.07685 , 0.00396 , 1.70928 , 1.70926 , -0.20431, -11.70599, 
 0.08759 , 0.00359 , 1.87013 , 1.87011 , 0.09882, 5.66212, 
 0.09039 , 0.00368 , 1.92754 , 1.92752 , -0.06241, -3.57556, 
 0.12482 , 0.00206 , 1.99296 , 1.99295 , -0.18421, -10.55440, 
 0.21285 , 0.00314 , 2.13643 , 2.13642 , -0.59723, -34.21899, 
 0.17861 , 0.00367 , 2.41600 , 2.41598 , -0.65968, -37.79691, 
 0.16975 , 0.00449 , 2.60694 , 2.60691 , 0.57492, 32.94073, 
 0.25294 , 0.00324 , 2.75903 , 2.75902 , -0.64499, -36.95505, 
 0.10607 , 0.00165 , 2.91435 , 2.91435 , -0.28970, -16.59850, 
 0.14537 , 0.00698 , 3.03906 , 3.03899 , 0.32154, 18.42299, 
 0.09501 , 0.00230 , 3.31748 , 3.31747 , -0.73552, -42.14232, 
 0.20436 , 0.00425 , 3.49652 , 3.49649 , -0.09761, -5.59252, 
 0.12088 , 0.00351 , 3.68069 , 3.68067 , 0.43966, 25.19081, 
 0.13587 , 0.00397 , 3.86989 , 3.86986 , 0.26723, 15.31121, 
 0.12981 , 0.00311 , 4.49229 , 4.49227 , 0.29188, 16.72371, 
 0.84579 , 0.00270 , 5.51514 , 5.51512 , 0.68584, 39.29590, 
 0.15256 , 0.00527 , 7.32315 , 7.32304 , -0.62007, -35.52753, 
 0.06862 , 0.00576 , 7.68161 , 7.68148 , -0.46011, -26.36212, 
 0.07094 , 0.00447 , 8.11184 , 8.11176 , 0.22047, 12.63174, 
 0.06018 , 0.00527 , 8.47034 , 8.47022 , -0.04016, -2.30081, 
 0.05173 , 0.00636 , 9.18341 , 9.18322 , 0.38401, 22.00205, 
 