0.12771 , 0.00069 , 1.11034 , 1.11034 , 0.33497, 19.19258, 
 0.05098 , 0.00180 , 1.23504 , 1.23504 , 0.47745, 27.35605, 
 0.06098 , 0.00241 , 1.32400 , 1.32400 , -0.47622, -27.28565, 
 0.08815 , 0.00113 , 1.36686 , 1.36686 , -0.11658, -6.67960, 
 0.07430 , 0.00594 , 1.46828 , 1.46825 , -0.20143, -11.54131, 
 0.09992 , 0.00205 , 1.51276 , 1.51276 , 0.39879, 22.84911, 
 0.06996 , 0.00199 , 1.60293 , 1.60292 , -0.78253, -44.83573, 
 0.07685 , 0.01118 , 1.71408 , 1.71398 , 0.50381, 28.86602, 
 0.08759 , 0.00505 , 1.85155 , 1.85153 , -0.28740, -16.46653, 
 0.09039 , 0.02557 , 2.03505 , 2.03438 , -0.30777, -17.63374, 
 0.12482 , 0.02828 , 1.92669 , 1.92592 , 0.24002, 13.75190, 
 0.21285 , 0.01491 , 2.13914 , 2.13890 , -0.26892, -15.40789, 
 0.17861 , 0.00849 , 2.41531 , 2.41522 , 0.56885, 32.59281, 
 0.16975 , 0.00248 , 2.60678 , 2.60677 , 0.52225, 29.92260, 
 0.25294 , 0.00509 , 2.75906 , 2.75903 , 0.76610, 43.89436, 
 0.10607 , 0.00621 , 2.91518 , 2.91512 , 0.47021, 26.94129, 
 0.14537 , 0.00501 , 3.03796 , 3.03793 , 0.40579, 23.24991, 
 0.09501 , 0.00228 , 3.31766 , 3.31765 , -0.18699, -10.71358, 
 0.20436 , 0.00264 , 3.49653 , 3.49652 , -0.49050, -28.10330, 
 0.12088 , 0.00413 , 3.68137 , 3.68134 , 0.34204, 19.59772, 
 0.13587 , 0.00566 , 3.87012 , 3.87005 , 0.25910, 14.84553, 
 0.12981 , 0.00339 , 4.49242 , 4.49239 , -0.27022, -15.48274, 
 0.84579 , 0.00310 , 5.51506 , 5.51503 , 0.34041, 19.50423, 
 0.15256 , 0.00482 , 7.32338 , 7.32329 , 0.15566, 8.91866, 
 0.06862 , 0.00737 , 7.68138 , 7.68117 , 0.25596, 14.66533, 
 0.07094 , 0.00561 , 8.11166 , 8.11153 , 0.35258, 20.20121, 
 0.06018 , 0.00637 , 8.47044 , 8.47027 , 0.12272, 7.03162, 
 0.05173 , 0.00521 , 9.18287 , 9.18275 , 0.57093, 32.71179, 
 