0.1473725, 0.0345778, 1.4993994, 1.4985028, -0.3287923, 0.6462752 
 0.3061390, 0.0238815, 1.6312774, 1.6308122, 1.4096127, 0.8246156 
 0.4216878, 0.0135310, 1.8307527, 1.8305851, 1.3830191, 0.9175062 
 0.5193649, 0.0089534, 2.2837522, 2.2836606, 0.2253412, 0.9834891 
 0.4288415, 0.0210188, 2.5285264, 2.5279678, -1.1653907, 0.9226655 
 0.6389842, 0.0181789, 2.8890030, 2.8885256, -1.3279903, 1.0538417 
 0.2859233, 0.0039304, 3.1844732, 3.1844486, 0.4063174, 0.8060498 
 0.5694016, 0.0215982, 3.5030837, 3.5022666, -1.5007712, 1.0141096 
 0.1859664, 0.0263938, 5.0336740, 5.0319204, -0.1524235, 0.6983773 
 0.2914209, 0.0253364, 5.9117551, 5.9098573, 0.4243896, 0.8111831 
 0.1162436, 0.0213713, 6.8457574, 6.8441939, -0.6827787, 0.5971293 
 0.0504860, 0.1311703, 5.4025897, 5.3559106, -0.1006453, 0.4522053 
 