0.1464591, 0.0010239, 1.5092460, 1.5092452, 1.3962835, 0.6449372 
 0.1572821, 0.0009872, 1.6341100, 1.6341092, -0.8396759, 0.6604476 
 0.1499539, 0.0000000, 1.7269000, 1.7269000, 0.0548919, 0.6500268 
 0.4210324, 0.0003935, 1.8165152, 1.8165151, 1.2071008, 0.9170306 
 0.1943232, 0.0000000, 2.2134636, 2.2134636, -0.8265189, 0.7086855 
 0.3268757, 0.0006454, 2.3394331, 2.3394326, -0.8551846, 0.8428291 
 0.4288415, 0.0012525, 2.5415688, 2.5415668, 1.1034121, 0.9226655 
 0.3296247, 0.0015246, 2.8197704, 2.8197672, 0.0917921, 0.8451853 
 0.3114965, 0.0006474, 2.9815493, 2.9815487, 0.6044017, 0.8293981 
 0.2859233, 0.0004734, 3.1835740, 3.1835736, 0.4006505, 0.8060498 
 0.5694016, 0.0007585, 3.4802493, 3.4802483, 1.0472924, 1.0141096 
 0.1859664, 0.0000000, 5.1420523, 5.1420523, -0.8235439, 0.6983773 
 0.1033735, 0.0000000, 5.3915218, 5.3915218, -1.0692659, 0.5742244 
 0.0742074, 0.0004290, 5.6420267, 5.6420261, 1.1753547, 0.5141555 
 0.1173950, 0.0000000, 6.0973553, 6.0973553, -0.6028121, 0.5990943 
 0.0628548, 0.0007130, 6.3608755, 6.3608738, -0.7738574, 0.4864723 
 0.0504860, 0.0004438, 6.6231530, 6.6231523, 0.8293715, 0.4522053 
 0.0546754, 0.0000000, 6.8223666, 6.8223666, 0.5633623, 0.4643826 
 