7830.89347 , 0.01392 , 0.55452 , 0.55447 , 0.54007, 30.94372, 
 5.17688 , 0.69235 , 4.11770 , 2.97117 , 0.37924, 21.72867, 
 3.65858 , 0.78494 , 4.77180 , 2.95650 , -0.68243, -39.10048, 
 2.61026 , 1.37602 , 10.18883 , 9.63063 , 0.48295, 27.67113, 
 1.62798 , 0.84162 , 6.16050 , 3.32707 , -0.41958, -24.04005, 
 1.30958 , 2.87303 , 1.75109 , 4.71636 , -0.23451, -13.43633, 
 0.52671 , 3.22455 , 1.51258 , 4.63693 , -0.00807, -0.46264, 
 0.15628 , 0.82285 , 9.24136 , 5.25153 , -0.16030, -9.18473, 
 0.18553 , 0.37590 , 17.78578 , 16.48140 , 0.49730, 28.49313, 
 0.06579 , 0.95560 , 5.58279 , 1.64510 , 0.64131, 36.74451, 
 