7830.89347 , 0.01193 , 0.55457 , 0.55453 , 0.14301, 8.19361, 
 5.17688 , 0.69089 , 4.12519 , 2.98237 , -0.73096, -41.88075, 
 3.65858 , 0.80811 , 4.53986 , 2.67413 , -0.09541, -5.46642, 
 2.61026 , 0.85443 , 4.75743 , 2.47178 , 0.24790, 14.20372, 
 1.62798 , 0.69807 , 8.19291 , 5.86635 , 0.02880, 1.65018, 
 1.30958 , 0.86602 , 50.47150 , 25.23650 , -0.27825, -15.94249, 
 0.52671 , 1.60110 , 9.07968 , 11.35325 , -0.51837, -29.70058, 
 0.15628 , 0.66361 , 12.25525 , 9.16788 , -0.27204, -15.58652, 
 0.18553 , 3.68409 , 1.35163 , 4.79259 , -0.39683, -22.73690, 
 0.06579 , 0.93199 , 6.86595 , 2.48873 , 0.23028, 13.19415, 
 