3.7940561, 0.0067342, 0.4835574, 0.4835465, 1.5267232, 1.9082996 
 3.9646515, 0.0000000, 2.0540103, 2.0540103, 1.2190311, 1.9364829 
 3.7699453, 0.0000000, 3.7271101, 3.7271101, 0.9801451, 1.9042487 
 3.2655008, 0.0005480, 4.7527750, 4.7527742, 0.1097069, 1.8152171 
 2.3218230, 0.0012898, 6.4758058, 6.4758004, -1.4898978, 1.6201493 
 1.9131352, 0.0016538, 7.4967133, 7.4967030, 1.4470088, 1.5188931 
 0.9982591, 0.0010103, 8.9271184, 8.9271139, 1.0778290, 1.2228122 
 0.5733550, 0.0013301, 9.7030006, 9.7029921, -0.5169203, 1.0164512 
 0.5097285, 0.0003743, 10.6643742, 10.6643734, -0.1775027, 0.9773684 
 0.2923790, 0.0000000, 11.4058461, 11.4058461, -0.6356798, 0.8120711 
 0.3031220, 0.0006201, 12.1546969, 12.1546946, -0.5362402, 0.8218978 
 0.1437038, 0.0000000, 14.1373927, 14.1373927, 0.9279456, 0.6408673 
 0.0826044, 0.0000000, 14.9737426, 14.9737426, 0.3936371, 0.5328599 
 