3.7940561, 0.0035342, 0.4835401, 0.4835371, -0.4141955, 1.9082996 
 3.9646515, 0.0000000, 2.0540236, 2.0540236, -0.3454616, 1.9364829 
 3.7699453, 0.0011562, 3.7271858, 3.7271833, 1.0687105, 1.9042487 
 3.2655008, 0.0008623, 4.7526178, 4.7526160, 0.4290462, 1.8152171 
 2.3218230, 0.0040335, 6.4741619, 6.4741092, 1.4397815, 1.6201493 
 1.9131352, 0.0057427, 7.5000169, 7.4998932, -0.3829876, 1.5188931 
 0.9982591, 0.0005335, 8.9256969, 8.9256956, -0.1441950, 1.2228122 
 0.5733550, 0.0013733, 9.7031653, 9.7031561, 1.3059741, 1.0164512 
 0.5097285, 0.0003821, 10.6616931, 10.6616923, -0.7259194, 0.9773684 
 0.2923790, 0.0032439, 11.4085125, 11.4084524, 0.9314341, 0.8120711 
 0.3031220, 0.0036215, 12.1565154, 12.1564356, -0.8071449, 0.8218978 
 0.1437038, 0.0043130, 14.1353154, 14.1351840, 1.2843801, 0.6408673 
 0.0826044, 0.0019673, 14.9781603, 14.9781313, 1.3650885, 0.5328599 
 