38.02154 , 0.58012 , 0.15223 , 0.12399 , -0.16877, -9.67005, 
 4.31548 , 0.23025 , 6.26150 , 6.09326 , -0.33230, -19.03967, 
 2.70964 , 0.14921 , 10.10864 , 9.99547 , 0.31629, 18.12227, 
 1.57830 , 0.56568 , 12.79228 , 10.54879 , 0.30580, 17.52077, 
 1.30664 , 0.36919 , 16.28734 , 15.13674 , 0.62262, 35.67335, 
 0.83984 , 0.20526 , 22.40042 , 21.92347 , 0.34309, 19.65768, 
 0.57404 , 0.41384 , 29.01599 , 26.41474 , 0.23150, 13.26380, 
 0.35099 , 0.58634 , 21.13337 , 17.11937 , -0.00435, -0.24922, 
 0.18309 , 0.28318 , 26.41051 , 25.32945 , 0.34475, 19.75248, 
 0.09501 , 0.70128 , 20.50760 , 14.61956 , -0.57075, -32.70147, 
 0.05482 , 0.81825 , 18.44971 , 10.60608 , 0.61839, 35.43095, 
 0.05064 , 0.83501 , 18.69296 , 10.28540 , 0.28382, 16.26146, 
 