38.02154 , 0.31974 , 0.13140 , 0.12450 , -0.41187, -23.59856, 
 4.31548 , 0.11541 , 6.00957 , 5.96942 , -0.11000, -6.30237, 
 2.70964 , 0.33792 , 9.62174 , 9.05572 , 0.45511, 26.07589, 
 1.57830 , 0.36108 , 17.84229 , 16.63859 , -0.67589, -38.72579, 
 1.30664 , 0.57931 , 14.28016 , 11.63984 , 0.00853, 0.48878, 
 0.83984 , 0.90804 , 122.29492 , 51.22666 , -0.17986, -10.30505, 
 0.57404 , 1.02404 , 494.16158 , 109.01240 , -0.30068, -17.22757, 
 0.35099 , 0.96117 , 342.60422 , 94.54054 , 0.35817, 20.52190, 
 0.18309 , 0.75622 , 18.01896 , 11.79009 , -0.32895, -18.84764, 
 0.09501 , 1.07869 , 175.83101 , 71.11470 , 0.31676, 18.14913, 
 0.05482 , 1.14332 , 104.48070 , 57.90676 , 0.44793, 25.66476, 
 0.05064 , 1.33175 , 43.91616 , 38.62533 , 0.19482, 11.16253, 
 