0.0574184, 0.0575989, 0.1860253, 0.1857165, 0.8481916, 0.4720220 
 0.0527588, 0.0070936, 0.4580033, 0.4579918, 0.1005855, 0.4588919 
 0.0906600, 0.0023545, 0.5297807, 0.5297792, 1.1938596, 0.5496471 
 0.0661126, 0.0051241, 0.5773710, 0.5773635, -0.6801258, 0.4947359 
 0.1438695, 0.0013189, 0.5967528, 0.5967522, -0.5958617, 0.6411134 
 0.2507372, 0.0018794, 0.6813573, 0.6813561, -0.5690990, 0.7715278 
 0.2553606, 0.0016477, 0.9495735, 0.9495722, 1.4593744, 0.7762410 
 3.7908359, 0.0005551, 1.0817616, 1.0817614, -0.5549019, 1.9077596 
 3.8008315, 0.0014766, 1.5456820, 1.5456804, 0.5468007, 1.9094349 
 4.8577167, 0.0039109, 2.0923663, 2.0923503, -0.1612958, 2.0721573 
 530.5237170, 0.0010715, 3.9148852, 3.9148829, -0.9806278, 9.9048276 
 7.5650736, 0.0487378, 5.1793180, 5.1731629, -0.4130249, 2.4018712 
 2.5945555, 0.1015724, 6.3255919, 6.2928769, -0.2293052, 1.6812526 
 0.6798487, 0.0026968, 7.4661391, 7.4661120, 1.5580025, 1.0758443 
 0.1759691, 0.0020072, 8.5350719, 8.5350548, 0.3284584, 0.6856316 
 0.1955992, 0.0016871, 8.9280872, 8.9280745, -0.7613611, 0.7102333 
 0.1390066, 0.0030661, 9.6181933, 9.6181481, 0.1203757, 0.6338072 
 0.1305891, 0.0026725, 10.0256174, 10.0255816, 0.6396288, 0.6207465 
 0.1264011, 0.0012216, 10.5824527, 10.5824448, -1.0902731, 0.6140385 
 0.0520397, 0.0036673, 11.9378607, 11.9377805, 0.3445658, 0.4567975 
 