0.0574184, 0.0572861, 0.1861072, 0.1858016, -0.3890380, 0.4720220 
 0.0527588, 0.0044006, 0.4582944, 0.4582900, -0.2992334, 0.4588919 
 0.2969880, 0.0194940, 0.5699751, 0.5698668, 0.3471554, 0.8163159 
 0.2507372, 0.0065798, 0.6818980, 0.6818833, 0.9751048, 0.7715278 
 0.2553606, 0.0023799, 0.9493578, 0.9493551, -1.2831538, 0.7762410 
 3.7908359, 0.0006564, 1.0818689, 1.0818687, 0.0929059, 1.9077596 
 3.8008315, 0.0079841, 1.5450515, 1.5450022, -0.4057484, 1.9094349 
 4.8577167, 0.0075999, 2.0936371, 2.0935766, 0.5405263, 2.0721573 
 530.5237170, 0.0046807, 3.9029128, 3.9028700, -0.9551706, 9.9048276 
 7.5650736, 0.0553810, 5.1836026, 5.1756473, -1.1690727, 2.4018712 
 1.0461646, 0.2182238, 7.3765973, 7.1988121, 1.1066897, 1.2420679 
 0.1305891, 0.1809868, 13.2106265, 12.9924599, 1.5557288, 0.6207465 
 