0.5193906, 0.1162870, 0.8376715, 0.8319885, -0.7004948, 0.9835053 
 0.4540407, 0.0537824, 1.3253912, 1.3234729, -0.9619076, 0.9403948 
 7.5013083, 0.3129266, 2.5194013, 2.3928702, 0.9041480, 2.3951037 
 5.4615201, 0.2244850, 5.1147939, 4.9842518, 1.0707071, 2.1546819 
 2.2687324, 0.7540034, 27.1912566, 17.8611349, -1.4859763, 1.6077052 
 3.2469573, 0.1399160, 7.7274880, 7.6514756, 0.3034013, 1.8117747 
 0.5828449, 0.3712579, 22.9202306, 21.2821173, 0.1592454, 1.0220284 
 0.5377532, 0.2615067, 12.7776130, 12.3329733, 0.3479719, 0.9949616 
 0.0901337, 0.1825019, 20.7388350, 20.3905369, 0.4594978, 0.5485813 
 0.0928736, 0.7378409, 43.0963190, 29.0889257, 1.2037498, 0.5540847 
 0.0007869, 0.9370643, 74.7741747, 26.1079125, 1.4667414, 0.1129585 
 0.0009835, 0.7038472, 18.9215936, 13.4409815, -0.9037182, 0.1216750 
 