1.6558756, 0.0356385, 0.2213600, 0.2212194, -1.5537780, 1.4475088 
 1.3148275, 0.0000000, 1.4854507, 1.4854507, -0.8263315, 1.3404015 
 1.0683179, 0.0009159, 2.7177667, 2.7177656, 0.6000839, 1.2507739 
 1.1323717, 0.0009853, 3.3825514, 3.3825497, -1.0869598, 1.2752881 
 0.7986208, 0.0062486, 4.5892788, 4.5891892, 0.8837062, 1.1351647 
 0.9349467, 0.0014895, 5.6610359, 5.6610296, -0.7020322, 1.1963941 
 0.3615773, 0.0120026, 7.0757936, 7.0752839, -1.1624783, 0.8716571 
 0.1271152, 0.0050845, 8.2008189, 8.2007129, 0.2319749, 0.6151927 
 0.1130397, 0.0084266, 8.8834349, 8.8831195, -0.0076264, 0.5915921 
 0.0786735, 0.0424350, 9.4355908, 9.4270915, 0.0757704, 0.5242697 
 0.0814728, 0.0242394, 10.1841453, 10.1811530, -0.0420408, 0.5304156 
 