1.6558756, 0.0343822, 0.2213405, 0.2212096, 0.9182441, 1.4475088 
 1.3148275, 0.0000000, 1.4854623, 1.4854623, 0.0435734, 1.3404015 
 1.0683179, 0.0000000, 2.7177509, 2.7177509, -0.4345364, 1.2507739 
 1.1323717, 0.0000000, 3.3825419, 3.3825419, -1.4452348, 1.2752881 
 0.7986208, 0.0000000, 4.5892208, 4.5892208, 0.0857151, 1.1351647 
 0.9349467, 0.0000000, 5.6622151, 5.6622151, -0.7892560, 1.1963941 
 0.3615773, 0.0000000, 7.0763001, 7.0763001, 1.4799556, 0.8716571 
 0.1271152, 0.0000000, 8.1792020, 8.1792020, 0.0203097, 0.6151927 
 0.1130397, 0.0000000, 8.9823971, 8.9823971, 0.3596916, 0.5915921 
 0.0786735, 0.0000000, 9.3575568, 9.3575568, 1.0659734, 0.5242697 
 0.0814728, 0.0000000, 10.1011939, 10.1011939, -0.6979297, 0.5304156 
 