7468.2566247, 0.0271443, 0.6553409, 0.6550994, 0.8801208, 23.9158084 
 8295.2160090, 0.0432756, 2.2213819, 2.2193008, 0.6992346, 24.7678260 
 4.4073446, 0.0476508, 6.5413577, 6.5339270, 0.2227516, 2.0060311 
 3.9781241, 0.0860951, 8.7887313, 8.7560981, 0.0420263, 1.9386739 
 1.5794525, 0.0840012, 10.4540726, 10.4171243, 0.5449356, 1.4248884 
 1.0080993, 0.0401847, 11.6432133, 11.6338087, 0.3917017, 1.2268169 
 0.3603765, 0.0671829, 13.5272762, 13.4967137, 1.5444215, 0.8706912 
 0.1205706, 0.0326997, 14.1232496, 14.1156968, 0.3736720, 0.6044482 
 0.1000743, 0.0043574, 14.6303066, 14.6301678, -1.2963467, 0.5680494 
 0.0706411, 0.0242894, 15.2070226, 15.2025361, 0.6902482, 0.5057833 
 0.1283761, 0.0644242, 16.2555238, 16.2217547, -1.2498232, 0.6172201 
 0.0664271, 0.0888659, 17.9205859, 17.8496849, -1.1532632, 0.4955190 
 