2.0022100, 0.0000000, 8.1735113, 8.1735113, 0.0774919, 1.5421094 
 1.3788072, 0.0011668, 9.4084627, 9.4084563, -0.5239828, 1.3617995 
 0.8456789, 0.0013595, 10.3364128, 10.3364033, 1.2138710, 1.1570367 
 0.5688840, 0.0016507, 11.6801502, 11.6801343, -1.5146269, 1.0138022 
 0.2219299, 0.0066846, 13.0615240, 13.0612322, 0.6322196, 0.7407709 
 0.2238313, 0.0031623, 13.8471763, 13.8471070, 1.2138374, 0.7428804 
 0.1451158, 0.0055983, 14.9077852, 14.9075516, -1.3590905, 0.6429594 
 0.1450063, 0.0045558, 15.6726161, 15.6724534, 0.2255380, 0.6427976 
 0.0680821, 0.0063925, 16.4173230, 16.4169875, -0.3201715, 0.4996007 
 0.0762241, 0.0040409, 17.1516793, 17.1515393, -1.1872653, 0.5187716 
 0.0500699, 0.0036821, 17.9936155, 17.9934935, 0.3444237, 0.4509595 
 