2.0022100, 0.0004682, 8.1734265, 8.1734256, -0.9656100, 1.5421094 
 1.3788072, 0.0008129, 9.4091679, 9.4091648, -1.5157800, 1.3617995 
 0.8456789, 0.0000000, 10.3356478, 10.3356478, -1.0224147, 1.1570367 
 0.5688840, 0.0004110, 11.6802471, 11.6802462, -0.1648914, 1.0138022 
 0.2219299, 0.0003226, 13.0663997, 13.0663991, 1.2707953, 0.7407709 
 0.2238313, 0.0000000, 13.8403176, 13.8403176, 0.3340293, 0.7428804 
 0.1451158, 0.0000000, 14.9128118, 14.9128118, 0.3340639, 0.6429594 
 0.1450063, 0.0000000, 15.6664699, 15.6664699, -0.6596599, 0.6427976 
 0.0680821, 0.0000000, 16.4275933, 16.4275933, -1.4639315, 0.4996007 
 0.0762241, 0.0000000, 17.1401009, 17.1401009, 0.1748366, 0.5187716 
 0.0500699, 0.0000000, 17.9947071, 17.9947071, 0.0711383, 0.4509595 
 