0.0518982, 0.0256114, 0.6681791, 0.6679599, -0.5241054, 0.4563829 
 0.0783957, 0.0241545, 1.0072492, 1.0069554, 0.1328268, 0.5236520 
 0.9826093, 0.0420910, 1.2979321, 1.2967818, 1.2597326, 1.2163884 
 2.4871561, 0.2348837, 1.8405644, 1.7890719, 1.5302806, 1.6577270 
 1.8691019, 0.1179129, 2.7498317, 2.7306487, 0.6816294, 1.5071494 
 1.2500719, 0.4278307, 5.7289477, 5.1781603, 1.1116812, 1.3180250 
 3.0364153, 0.1327551, 5.5269128, 5.4779934, -1.3763553, 1.7717361 
 2.4560240, 0.0947680, 3.8609677, 3.8435909, -0.6026393, 1.6507812 
 0.2003554, 0.0921401, 7.7275197, 7.6946472, -0.8703187, 0.7159439 
 0.0737732, 0.1082852, 8.2233592, 8.1750048, -1.4288414, 0.5131505 
 0.0696874, 0.0906041, 8.7677927, 8.7317307, -1.0668789, 0.5034967 
 0.0507067, 0.0524789, 8.9487796, 8.9364485, -0.2296239, 0.4528633 
 0.0009173, 0.5576337, 5.2571624, 4.3639028, -1.1303512, 0.1188798 
 0.0009672, 0.9281469, 4.5109016, 1.6790208, -1.0995985, 0.1209978 
 0.0009672, 0.5309016, 8.8927304, 7.5359976, -0.9181728, 0.1209978 
 0.0009672, 0.9211781, 6.2292331, 2.4240511, -1.0787768, 0.1209978 
 