0.0518982, 0.0007137, 0.6677337, 0.6677335, -0.9839694, 0.4563829 
 0.0783957, 0.0000000, 1.0059864, 1.0059864, 0.3550988, 0.5236520 
 0.9808511, 0.0004376, 1.2986758, 1.2986757, -1.2832665, 1.2156625 
 1.1343551, 0.0000000, 1.7393818, 1.7393818, 1.0288195, 1.2760323 
 0.8292829, 0.0005174, 2.1643054, 2.1643051, 1.2238098, 1.1495104 
 1.0415383, 0.0000000, 2.4730855, 2.4730855, -0.2386724, 1.2402343 
 1.3512585, 0.0025839, 3.1762710, 3.1762604, 0.3194150, 1.3526688 
 1.2500719, 0.0030072, 3.4716244, 3.4716087, 0.9533993, 1.3180250 
 1.2228901, 0.0012687, 3.8228433, 3.8228402, 0.0226228, 1.3084018 
 1.0772608, 0.0007050, 4.2932173, 4.2932162, -0.3792480, 1.2542543 
 1.1620206, 0.0019708, 4.7013352, 4.7013261, -0.7959788, 1.2863227 
 0.6587764, 0.0017962, 5.0943671, 5.0943589, 0.8197013, 1.0646119 
 0.6402196, 0.0014697, 5.4340757, 5.4340698, -1.2777613, 1.0545204 
 0.7447157, 0.0009361, 5.8749087, 5.8749061, 1.0141400, 1.1090271 
 0.1994381, 0.0000000, 7.3100258, 7.3100258, 0.0622625, 0.7148496 
 0.0737732, 0.0003362, 7.9388567, 7.9388562, 1.0854548, 0.5131505 
 0.0687701, 0.0000000, 8.2607629, 8.2607629, 1.3303475, 0.5012779 
 0.0507067, 0.0000000, 8.7597413, 8.7597413, -1.0284986, 0.4528633 
 