17848.30020 , 0.01824 , 0.80570 , 0.80557 , 0.25353, 14.52597, 
 484.49422 , 0.56007 , 3.36109 , 2.78448 , 0.69518, 39.83071, 
 3.46209 , 0.79194 , 4.80502 , 2.93397 , -0.02155, -1.23499, 
 2.55852 , 0.49611 , 11.73375 , 10.18792 , 0.16941, 9.70657, 
 2.13433 , 0.86189 , 35.83632 , 18.17240 , -0.77116, -44.18407, 
 0.82129 , 0.93533 , 4.77490 , 1.68926 , 0.06698, 3.83785, 
 0.64978 , 0.95536 , 4.84672 , 1.43195 , -0.55853, -32.00148, 
 0.57834 , 0.95466 , 5.45171 , 1.62289 , -0.11639, -6.66884, 
 0.21625 , 0.94926 , 5.20683 , 1.63751 , 0.30737, 17.61085, 
 0.31458 , 0.91871 , 6.16648 , 2.43539 , 0.28807, 16.50516, 
 0.08084 , 0.98426 , 3.74199 , 0.66124 , -0.59599, -34.14765, 
 