17848.30020 , 0.01780 , 0.80558 , 0.80545 , -0.15909, -9.11539, 
 480.35391 , 0.48368 , 3.53709 , 3.09582 , 0.56440, 32.33785, 
 4.15405 , 0.47386 , 8.32669 , 7.33247 , -0.64614, -37.02111, 
 3.46209 , 0.79054 , 4.75386 , 2.91132 , 0.20783, 11.90803, 
 2.55852 , 0.97124 , 154.55834 , 36.80108 , -0.12376, -7.09115, 
 2.13433 , 2.19233 , 2.59787 , 5.06839 , -0.24535, -14.05743, 
 0.82129 , 0.89952 , 5.33200 , 2.32945 , 0.40317, 23.09989, 
 0.64978 , 2.82243 , 1.85822 , 4.90447 , -0.21130, -12.10672, 
 0.57834 , 2.66730 , 2.26573 , 5.60259 , 0.33121, 18.97713, 
 0.21625 , 2.54619 , 2.66509 , 6.24058 , 0.14789, 8.47327, 
 0.31458 , 0.93787 , 5.35927 , 1.85960 , 0.20638, 11.82445, 
 0.08084 , 3.80726 , 1.31910 , 4.84581 , -0.30629, -17.54895, 
 