0.05642 , 0.12728 , 0.15499 , 0.15373 , 0.59432, 34.05219, 
 0.52746 , 0.12261 , 0.32999 , 0.32750 , 0.67854, 38.87753, 
 0.13285 , 0.10897 , 1.02600 , 1.01989 , 0.31072, 17.80322, 
 0.19696 , 0.11451 , 1.06927 , 1.06223 , -0.00470, -0.26946, 
 1.24040 , 0.11027 , 1.33929 , 1.33112 , 0.35806, 20.51557, 
 1.88261 , 0.10994 , 1.84997 , 1.83875 , 0.78528, 44.99297, 
 2.02923 , 0.11113 , 2.31605 , 2.30170 , 0.60080, 34.42310, 
 1.56887 , 0.11572 , 4.37282 , 4.34344 , 0.61449, 35.20775, 
 1.52250 , 0.08507 , 5.06319 , 5.04483 , -0.37893, -21.71094, 
 1.46683 , 0.07555 , 5.78266 , 5.76614 , -0.21617, -12.38582, 
 1.10637 , 0.12407 , 7.04927 , 6.99480 , -0.58409, -33.46603, 
 1.19599 , 0.05129 , 7.49364 , 7.48378 , 0.20564, 11.78244, 
 0.85313 , 0.15570 , 8.42271 , 8.31999 , 0.08434, 4.83236, 
 0.46940 , 0.12270 , 9.23855 , 9.16875 , 0.26365, 15.10586, 
 0.39817 , 0.11393 , 9.90145 , 9.83699 , -0.26308, -15.07326, 
 0.60929 , 0.07326 , 10.43908 , 10.41102 , 0.13496, 7.73291, 
 0.26012 , 0.11827 , 11.87625 , 11.79289 , 0.41559, 23.81141, 
 0.05724 , 0.10640 , 12.91953 , 12.84620 , -0.18074, -10.35543, 
 0.07769 , 0.11250 , 13.48088 , 13.39529 , 0.16207, 9.28595, 
 