0.52746 , 0.36550 , 0.39460 , 0.36730 , -0.45816, -26.25043, 
 0.13285 , 0.00521 , 1.03217 , 1.03216 , -0.20991, -12.02712, 
 0.19696 , 0.00307 , 1.07625 , 1.07625 , -0.03767, -2.15840, 
 1.24040 , 0.00529 , 1.34750 , 1.34748 , 0.64669, 37.05270, 
 1.88261 , 0.00556 , 1.86135 , 1.86132 , 0.45233, 25.91676, 
 2.02923 , 0.00816 , 2.33038 , 2.33030 , -0.39939, -22.88328, 
 1.56887 , 0.00832 , 4.40240 , 4.40225 , -0.50663, -29.02766, 
 1.52250 , 0.00917 , 5.08185 , 5.08163 , -0.65605, -37.58914, 
 1.46683 , 0.00802 , 5.79955 , 5.79936 , 0.03798, 2.17612, 
 1.10637 , 0.01756 , 6.93643 , 6.93536 , 0.37029, 21.21616, 
 1.19599 , 0.01576 , 7.50986 , 7.50893 , -0.71737, -41.10228, 
 0.85313 , 0.02080 , 8.52894 , 8.52709 , 0.01166, 0.66812, 
 0.46940 , 0.02589 , 9.30749 , 9.30437 , -0.78234, -44.82460, 
 0.39817 , 0.01370 , 9.76935 , 9.76844 , -0.75805, -43.43312, 
 0.60929 , 0.02005 , 10.47402 , 10.47192 , -0.06692, -3.83434, 
 0.26012 , 0.03225 , 11.95345 , 11.94723 , 0.17811, 10.20503, 
 0.05724 , 0.00594 , 12.99361 , 12.99338 , 0.19576, 11.21615, 
 0.07769 , 0.03653 , 13.55793 , 13.54888 , 0.64468, 36.93759, 
 