1.8646075, 0.0010879, 0.9056923, 0.9056917, -1.1483510, 1.5059404 
 0.7377121, 0.0000000, 2.4061076, 2.4061076, -1.4151496, 1.1055396 
 0.8730478, 0.0007447, 3.0434930, 3.0434922, 0.6321157, 1.1693863 
 0.9600395, 0.0004615, 3.3871241, 3.3871238, 0.0372615, 1.2070030 
 1.3429271, 0.0007846, 4.2196403, 4.2196390, 0.6675581, 1.3498830 
 1.2272306, 0.0007971, 4.9291195, 4.9291179, -0.9663043, 1.3099480 
 0.4586273, 0.0009829, 5.5351799, 5.5351772, 0.0161294, 0.9435508 
 0.2007135, 0.0000000, 6.7788226, 6.7788226, 0.1662846, 0.7163702 
 0.1897973, 0.0004609, 7.2317550, 7.2317542, -0.6452031, 0.7031403 
 0.1599604, 0.0005986, 7.6694838, 7.6694825, 0.5983107, 0.6641754 
 