1.8646075, 0.0010851, 0.9056912, 0.9056907, 1.5414043, 1.5059404 
 0.7377121, 0.0000000, 2.4060867, 2.4060867, 0.1917625, 1.1055396 
 0.8730478, 0.0006829, 3.0435096, 3.0435089, 0.1050765, 1.1693863 
 0.9600395, 0.0008340, 3.3871258, 3.3871246, -0.5059593, 1.2070030 
 1.3429271, 0.0016548, 4.2202884, 4.2202826, -1.0226979, 1.3498830 
 1.2272306, 0.0003404, 4.9284720, 4.9284717, -1.1300942, 1.3099480 
 0.4586273, 0.0044654, 5.5349070, 5.5348518, -1.4476927, 0.9435508 
 0.2007135, 0.0007511, 6.7799960, 6.7799940, -1.0961222, 0.7163702 
 0.1897973, 0.0010225, 7.2306093, 7.2306055, -1.1292446, 0.7031403 
 0.1599604, 0.0010129, 7.6696110, 7.6696071, -0.1047387, 0.6641754 
 