0.0641984, 0.0003869, 1.0428839, 1.0428838, 0.1938300, 0.4899143 
 0.6252956, 0.0003870, 1.2440955, 1.2440954, -0.9897148, 1.0462620 
 0.4099377, 0.0007705, 1.6645160, 1.6645155, -1.1313435, 0.9089038 
 1.2867894, 0.0004470, 1.9105989, 1.9105987, -0.9139821, 1.3308052 
 1.0926015, 0.0005830, 2.4938903, 2.4938899, 1.4557118, 1.2601800 
 0.7013368, 0.0104670, 2.9741776, 2.9740147, 0.1310077, 1.0870617 
 1.1595907, 0.0049445, 3.2987518, 3.2987114, 0.0063278, 1.2854254 
 1.2748535, 0.0022987, 3.7564150, 3.7564051, -0.7308317, 1.3266776 
 0.8998557, 0.0031277, 4.5659958, 4.5659734, 0.7705361, 1.1812349 
 0.3785515, 0.0039466, 4.9722598, 4.9722211, -1.0764097, 0.8850890 
 0.2014487, 0.0042908, 5.2642487, 5.2642002, -0.7715470, 0.7172439 
 0.1459287, 0.0017917, 5.5609368, 5.5609278, -1.4631467, 0.6441578 
 0.0840887, 0.0029323, 5.9246873, 5.9246618, -0.5356883, 0.5360325 
 0.1484168, 0.0026574, 6.2208714, 6.2208495, -1.5181013, 0.6477980 
 0.0822150, 0.0041703, 6.5262162, 6.5261594, -0.8606049, 0.5320212 
 