0.0641984, 0.0003642, 1.0428844, 1.0428844, -0.2257861, 0.4899143 
 0.6252956, 0.0000000, 1.2440763, 1.2440763, -0.8598872, 1.0462620 
 0.4099377, 0.0003384, 1.6645569, 1.6645568, -0.4157773, 0.9089038 
 1.2867894, 0.0009750, 1.9106512, 1.9106503, 0.9854369, 1.3308052 
 1.0926015, 0.0009788, 2.4936985, 2.4936973, 0.7083904, 1.2601800 
 0.7013368, 0.0017962, 2.9763454, 2.9763406, -0.4113869, 1.0870617 
 1.1595907, 0.0008290, 3.2976824, 3.2976813, 0.4320686, 1.2854254 
 1.2748535, 0.0006521, 3.7559158, 3.7559150, 0.1385370, 1.3266776 
 0.8998557, 0.0010768, 4.5658206, 4.5658180, -0.8182640, 1.1812349 
 0.3785515, 0.0014422, 4.9754646, 4.9754594, -0.4709958, 0.8850890 
 0.2014487, 0.0018433, 5.2603197, 5.2603108, -1.3827272, 0.7172439 
 0.1459287, 0.0000000, 5.5595690, 5.5595690, -1.3911917, 0.6441578 
 0.0840887, 0.0008807, 5.9229076, 5.9229053, -0.4920512, 0.5360325 
 0.1484168, 0.0003196, 6.2221723, 6.2221720, -1.1530675, 0.6477980 
 0.0822150, 0.0000000, 6.5238127, 6.5238127, 0.4166609, 0.5320212 
 