40439.5385939, 0.2658037, 0.1250471, 0.1205488, -0.9136731, 41.9965922 
 6.6412317, 0.0045451, 5.6645282, 5.6644697, -1.0787310, 2.2998254 
 4.3086659, 0.1480080, 9.5987689, 9.4930496, 0.7126646, 1.9909465 
 2.7808845, 0.0444466, 12.9154667, 12.9027031, 1.4686879, 1.7205725 
 1.8934203, 0.0485686, 16.0868416, 16.0678567, -1.4789686, 1.5136577 
 1.3325288, 0.1182082, 18.2648021, 18.1367445, -1.3302361, 1.3463899 
 1.0695604, 0.1809929, 20.1499425, 19.8171540, -0.1542670, 1.2512587 
 0.6742366, 0.1683629, 21.8499236, 21.5380179, 0.3761790, 1.0728758 
 0.4308127, 0.0492122, 24.7314698, 24.7015037, 0.9405209, 0.9240770 
 0.1570409, 0.0042439, 26.4289245, 26.4286865, -1.3624832, 0.6601099 
 0.1020447, 0.0296584, 27.4011976, 27.3891436, 0.5729616, 0.5717534 
 0.0658780, 0.0581736, 28.6579464, 28.6094136, 0.0014319, 0.4941501 
 0.0984567, 0.0805261, 29.7963633, 29.6995996, 0.8389555, 0.5649723 
 0.0707229, 0.1084367, 31.4575443, 31.2720503, 0.9776877, 0.5059784 
 