1289.34726 , 0.02473 , 0.32397 , 0.32387 , 0.12804, 7.33593, 
 6407.89056 , 0.37873 , 3.58868 , 3.32134 , 0.15920, 9.12141, 
 5.03280 , 0.48081 , 6.32545 , 5.54633 , -0.58665, -33.61267, 
 3.15871 , 0.47897 , 10.51895 , 9.23388 , 0.72649, 41.62477, 
 2.49995 , 1.21083 , 19.67423 , 13.43216 , -0.77587, -44.45390, 
 1.96007 , 0.41341 , 12.40061 , 11.29133 , -0.26922, -15.42521, 
 0.57981 , 0.80508 , 6.58444 , 3.90564 , -0.00740, -0.42375, 
 0.53455 , 0.81324 , 7.09830 , 4.13067 , 0.60378, 34.59386, 
 0.14021 , 0.76239 , 8.99389 , 5.82013 , 0.10875, 6.23065, 
 0.09475 , 1.57174 , 10.74773 , 13.03252 , 0.44978, 25.77037, 
 