2.0021936, 0.0047008, 1.0162132, 1.0162019, -1.1629354, 1.5421052 
 2.0104861, 0.0044659, 1.5288129, 1.5287977, -1.2515787, 1.5442313 
 2.2891078, 0.0531231, 2.3252528, 2.3219695, 1.1868245, 1.6125038 
 2.5651804, 0.0468064, 2.6744151, 2.6714839, 0.9138712, 1.6748836 
 9.1601542, 0.0270659, 3.8277241, 3.8263218, -0.4382124, 2.5600370 
 2.2797949, 0.2560232, 5.4832451, 5.3004921, 0.5249428, 1.6103140 
 0.1932697, 0.3313412, 11.8968862, 11.2248430, -1.4302143, 0.7074025 
 0.1909478, 0.1507346, 12.4912337, 12.3485121, 0.8737333, 0.7045582 
 0.1204525, 0.5323283, 14.3186733, 12.1213011, 1.2488896, 0.6042509 
 0.0518592, 0.1519695, 12.3771000, 12.2333423, -0.2516771, 0.4562687 
 0.0009003, 0.1197693, 7.7748133, 7.7188482, -1.3788542, 0.1181414 
 