2.0021936, 0.0007947, 1.0162057, 1.0162054, 0.9361912, 1.5421052 
 2.0081357, 0.0000000, 1.5358406, 1.5358406, -0.7562475, 1.5436293 
 2.2879326, 0.0003724, 2.2868803, 2.2868801, -0.9733581, 1.6122278 
 2.5651804, 0.0000000, 2.7963713, 2.7963713, 0.1416335, 1.6748836 
 2.5631152, 0.0015894, 3.2888105, 3.2888063, 1.2017823, 1.6744340 
 2.5406515, 0.0017106, 3.9628688, 3.9628630, -1.2990127, 1.6695279 
 4.0649114, 0.0000000, 5.0422202, 5.0422202, 0.5317665, 1.9526707 
 1.0375996, 0.0034438, 5.8625412, 5.8625064, -0.6173209, 1.2386690 
 1.8557248, 0.0011433, 6.5091868, 6.5091826, 1.4258296, 1.5035453 
 0.4261375, 0.0010434, 7.2599465, 7.2599426, -0.4174554, 0.9207221 
 0.4390180, 0.0010964, 7.7795489, 7.7795443, 1.5210247, 0.9299068 
 0.2123560, 0.0005998, 8.3151171, 8.3151156, -1.3873356, 0.7299618 
 0.1932697, 0.0007953, 8.7741336, 8.7741308, -1.5303159, 0.7074025 
 0.1205472, 0.0000000, 9.1767129, 9.1767129, -1.0139398, 0.6044091 
 0.1909478, 0.0000000, 9.6433839, 9.6433839, -0.8936614, 0.7045582 
 0.1204525, 0.0000000, 10.4931234, 10.4931234, -0.9267020, 0.6042509 
 0.0506840, 0.0000000, 11.0827847, 11.0827847, -0.3618148, 0.4527958 
 