0.0535676, 0.0003588, 1.0465602, 1.0465602, -1.4556631, 0.4612248 
 0.0530584, 0.0003669, 1.7381432, 1.7381431, -0.2309259, 0.4597588 
 0.0544676, 0.0000000, 1.8251408, 1.8251408, 0.0927815, 0.4637937 
 0.0841702, 0.0000000, 1.9770554, 1.9770554, 0.4379080, 0.5362056 
 0.0889511, 0.0004967, 2.1554665, 2.1554662, 1.1683370, 0.5461715 
 0.0854038, 0.0003856, 2.2435663, 2.2435661, -0.2073239, 0.5388125 
 0.0819986, 0.0006216, 2.3177713, 2.3177709, 1.4167956, 0.5315541 
 0.0666068, 0.0000000, 2.4104023, 2.4104023, 0.5865098, 0.4959654 
 0.0640308, 0.0004633, 2.5661921, 2.5661918, -0.9603104, 0.4894875 
 0.0651219, 0.0000000, 2.6624197, 2.6624197, -1.3772620, 0.4922523 
 0.1087786, 0.0000000, 2.8047672, 2.8047672, -0.4429627, 0.5840632 
 0.1037838, 0.0008947, 2.9277795, 2.9277784, 0.2304659, 0.5749832 
 0.1304162, 0.0003913, 3.0746515, 3.0746512, 0.9759098, 0.6204724 
 0.7178950, 0.0018811, 3.5288257, 3.5288195, 0.8800587, 1.0955502 
 0.8498276, 0.0024171, 3.7610428, 3.7610318, 0.6459554, 1.1589257 
 1.2131849, 0.0010357, 4.2939572, 4.2939549, 0.7441567, 1.3049313 
 0.4549401, 0.0015140, 4.6804153, 4.6804099, -0.3886744, 0.9410154 
 0.3853148, 0.0012394, 4.9916350, 4.9916311, -0.0322161, 0.8903290 
 0.3596638, 0.0007592, 5.3816417, 5.3816401, 0.3960538, 0.8701168 
 0.1858168, 0.0000000, 5.8322717, 5.8322717, 0.5202099, 0.6981900 
 0.1341089, 0.0004159, 6.0759758, 6.0759753, -0.6494113, 0.6262742 
 0.1606483, 0.0000000, 6.4202066, 6.4202066, 0.6572206, 0.6651261 
 0.0559417, 0.0000000, 7.5660729, 7.5660729, -0.0564028, 0.4679403 
 