0.0535676, 0.0004678, 1.0465610, 1.0465609, -1.2250028, 0.4612248 
 0.0530584, 0.0008095, 1.7381274, 1.7381269, -0.7826389, 0.4597588 
 0.0544676, 0.0005141, 1.8251940, 1.8251938, -1.0725867, 0.4637937 
 0.0841702, 0.0069888, 1.9775944, 1.9775461, 0.4327113, 0.5362056 
 0.1724617, 0.0033044, 2.1915056, 2.1914936, 0.2454163, 0.6810456 
 0.1467863, 0.0070178, 2.3634742, 2.3634160, -0.5427086, 0.6454172 
 0.0640308, 0.0017430, 2.5673505, 2.5673466, -0.2879538, 0.4894875 
 0.0651219, 0.0046664, 2.6642101, 2.6641811, -0.7648074, 0.4922523 
 0.1087786, 0.0041773, 2.8049245, 2.8049000, 1.5353219, 0.5840632 
 0.1037838, 0.0041105, 2.9284417, 2.9284169, 1.0830187, 0.5749832 
 0.1304162, 0.0036320, 3.0749870, 3.0749667, -0.5390559, 0.6204724 
 0.7178950, 0.0052568, 3.5279986, 3.5279499, 1.1889169, 1.0955502 
 0.8498276, 0.0029006, 3.7621526, 3.7621367, 0.0659315, 1.1589257 
 1.2131849, 0.0022205, 4.2937537, 4.2937431, 1.2538261, 1.3049313 
 0.4549401, 0.0039187, 4.6813317, 4.6812958, -1.1276084, 0.9410154 
 0.3853148, 0.0034054, 4.9907053, 4.9906764, -1.5179597, 0.8903290 
 0.3596638, 0.0044137, 5.3815181, 5.3814657, 0.1140052, 0.8701168 
 0.1858168, 0.0034290, 5.8275349, 5.8275006, 1.3839653, 0.6981900 
 0.1341089, 0.0023342, 6.0883848, 6.0883682, -1.5623292, 0.6262742 
 0.1606483, 0.0011836, 6.4174442, 6.4174397, 0.6243504, 0.6651261 
 0.0559417, 0.0009312, 7.5661008, 7.5660975, -0.0802082, 0.4679403 
 