1.9630146, 0.0254746, 0.2862217, 0.2861289, 1.0641954, 1.5319802 
 2.2845637, 0.0016013, 0.9192473, 0.9192461, 1.3900650, 1.6114361 
 2.4964006, 0.0000000, 2.9385353, 2.9385353, 1.1292302, 1.6597783 
 2.9088939, 0.0000000, 4.0018228, 4.0018228, 0.6885948, 1.7465779 
 2.6225698, 0.0010944, 7.6359786, 7.6359740, -0.5578887, 1.6872820 
 1.4438334, 0.0013869, 9.3584191, 9.3584101, -0.3628751, 1.3828795 
 1.0610637, 0.0021374, 10.4298194, 10.4297956, 0.8438618, 1.2479365 
 0.4848267, 0.0020262, 11.2533943, 11.2533712, 1.3036227, 0.9611861 
 0.2625776, 0.0048942, 11.8983181, 11.8981756, -1.4155396, 0.7834860 
 0.1941118, 0.0049808, 13.1407720, 13.1406090, -0.6097675, 0.7084284 
 0.1627126, 0.0170946, 13.8465906, 13.8445673, -1.1035878, 0.6679630 
 0.0729745, 0.0213878, 15.6644952, 15.6609120, 0.4987413, 0.5112920 
 0.0773992, 0.0136415, 14.5202547, 14.5189036, 0.5619344, 0.5214237 
 0.0506240, 0.0068477, 16.8679727, 16.8675772, -1.2419409, 0.4526168 
 