1.9630146, 0.0190257, 0.2861387, 0.2860869, 0.7781496, 1.5319802 
 2.2845637, 0.0008171, 0.9192484, 0.9192481, 0.5860349, 1.6114361 
 2.4964006, 0.0000000, 2.9384102, 2.9384102, -0.4020405, 1.6597783 
 2.9088939, 0.0000000, 4.0019423, 4.0019423, 0.5301852, 1.7465779 
 2.6225698, 0.0000000, 7.6359995, 7.6359995, -1.0376720, 1.6872820 
 1.4438334, 0.0000000, 9.3586748, 9.3586748, 0.3853726, 1.3828795 
 1.0610637, 0.0006958, 10.4305262, 10.4305236, -1.1704497, 1.2479365 
 0.4848267, 0.0008106, 11.2515905, 11.2515868, 0.4911359, 0.9611861 
 0.2625776, 0.0000000, 11.8989449, 11.8989449, 1.4524356, 0.7834860 
 0.1941118, 0.0000000, 13.1340004, 13.1340004, -0.7540279, 0.7084284 
 0.1627126, 0.0000000, 13.8207061, 13.8207061, -1.3084530, 0.6679630 
 0.0729745, 0.0000000, 14.8548572, 14.8548572, -0.1999897, 0.5112920 
 0.0773992, 0.0000000, 15.3104955, 15.3104955, -1.4139597, 0.5214237 
 0.0506240, 0.0000000, 16.8824608, 16.8824608, -1.4155993, 0.4526168 
 