2526.08450 , 0.00352 , 0.50638 , 0.50638 , -0.56949, -32.62948, 
 268.38656 , 0.54720 , 4.28491 , 3.58646 , 0.72417, 41.49190, 
 1.68835 , 0.65187 , 5.11552 , 3.87926 , 0.70629, 40.46725, 
 0.58722 , 1.33852 , 10.60510 , 9.43584 , -0.45234, -25.91726, 
 0.26259 , 1.57564 , 6.08601 , 7.41060 , 0.40349, 23.11822, 
 0.16081 , 0.76893 , 6.26850 , 4.00769 , -0.43324, -24.82269, 
 0.09115 , 0.33041 , 9.74215 , 9.19500 , -0.36630, -20.98752, 
 0.08597 , 0.83722 , 5.79969 , 3.17163 , 0.18573, 10.64132, 
 0.05322 , 0.56859 , 9.05864 , 7.45184 , 0.20440, 11.71143, 
 0.05254 , 1.85029 , 4.68089 , 7.28712 , -0.37275, -21.35697, 
 0.05884 , 0.39817 , 14.52771 , 13.32644 , 0.06482, 3.71394, 
 