0.1348691, 0.0039695, 0.8620617, 0.8620549, 1.2940026, 0.6274554 
 0.0718340, 0.0205267, 0.9743317, 0.9741264, 0.9638798, 0.5086145 
 0.0784562, 0.0108557, 1.0581119, 1.0580495, 0.5460742, 0.5237866 
 0.1963793, 0.0065753, 1.1883542, 1.1883286, -0.3306451, 0.7111763 
 0.1704966, 0.0683998, 1.3762359, 1.3730128, -0.8831450, 0.6784490 
 0.6463387, 0.0101764, 1.6466771, 1.6465919, -1.1083971, 1.0578694 
 0.4974506, 0.0407380, 1.9611954, 1.9595674, -0.1066874, 0.9694572 
 0.3398067, 0.0132252, 2.3820412, 2.3818329, -1.0711781, 0.8537997 
 0.4987761, 0.0173413, 2.6041243, 2.6037327, 0.3649103, 0.9703175 
 0.1379778, 0.0088087, 2.8560752, 2.8559644, -0.3524559, 0.6322396 
 0.1703352, 0.0115582, 3.3865885, 3.3863623, 0.9394528, 0.6782349 
 0.2746056, 0.0059117, 3.6429507, 3.6428871, 0.0161424, 0.7952709 
 1.1930900, 0.0127559, 4.1224633, 4.1221279, -1.4951094, 1.2976863 
 1.2817229, 0.0116854, 4.7813870, 4.7810605, -0.2266298, 1.3290563 
 1.1169064, 0.0045575, 5.3813845, 5.3813286, 0.5129854, 1.2694558 
 0.4234329, 0.0027805, 6.6783293, 6.6783034, 0.6182376, 0.9187701 
 0.1276047, 0.0007780, 7.4951247, 7.4951225, -0.8722086, 0.6159813 
 0.2020176, 0.0011077, 7.8925077, 7.8925029, -0.8106991, 0.7179184 
 0.0996134, 0.0004902, 8.7700454, 8.7700443, -1.5325864, 0.5671761 
 