0.1341031, 0.0000000, 0.8643674, 0.8643674, -1.4674712, 0.6262652 
 0.0713028, 0.0003676, 0.9792413, 0.9792412, 1.3704107, 0.5073576 
 0.0784562, 0.0013801, 1.0634557, 1.0634547, 0.1312418, 0.5237866 
 0.0829688, 0.0008502, 1.1633731, 1.1633727, -1.1462983, 0.5336423 
 0.0620240, 0.0006804, 1.2166167, 1.2166164, 0.3594997, 0.4843195 
 0.0542894, 0.0004019, 1.2543185, 1.2543184, -0.8569476, 0.4632874 
 0.0836665, 0.0005645, 1.4172816, 1.4172814, 1.4963909, 0.5351339 
 0.0887179, 0.0000000, 1.4602896, 1.4602896, 1.0533332, 0.5456938 
 0.2957960, 0.0000000, 1.5277711, 1.5277711, 0.5458032, 0.8152223 
 0.1723858, 0.0003471, 1.6727997, 1.6727996, -0.7136533, 0.6809456 
 0.1832239, 0.0000000, 1.7626747, 1.7626747, 0.0303007, 0.6949273 
 0.0975889, 0.0004793, 1.9025113, 1.9025111, 0.6951039, 0.5633073 
 0.1035692, 0.0004678, 1.9603926, 1.9603924, 0.6205250, 0.5745867 
 0.1481633, 0.0000000, 2.0277193, 2.0277193, -0.5888109, 0.6474291 
 0.2180536, 0.0008769, 2.1517230, 2.1517222, 1.3603747, 0.7364328 
 0.1239936, 0.0009433, 2.2789240, 2.2789230, -1.0971979, 0.6101151 
 0.1748912, 0.0011762, 2.3810063, 2.3810047, 0.6806985, 0.6842287 
 0.1537585, 0.0013589, 2.5372242, 2.5372219, 0.5404421, 0.6554784 
 0.3263500, 0.0009225, 2.6432719, 2.6432708, 0.9906183, 0.8423771 
 0.1372118, 0.0013773, 2.8163916, 2.8163890, -1.4359607, 0.6310675 
 0.1703352, 0.0008486, 3.4030662, 3.4030650, 1.1035452, 0.6782349 
 0.1143699, 0.0000000, 3.5579113, 3.5579113, -0.1129150, 0.5939036 
 0.1623606, 0.0007698, 3.7360607, 3.7360596, -0.5497560, 0.6674809 
 0.0812012, 0.0043082, 3.9013293, 3.9012931, 1.4834724, 0.5298255 
 1.1149526, 0.0011828, 4.1329045, 4.1329016, 0.9211364, 1.2687152 
 1.2817229, 0.0006224, 4.7777902, 4.7777893, 0.4251390, 1.3290563 
 1.1169064, 0.0010809, 5.3814322, 5.3814291, -1.0943237, 1.2694558 
 0.4234329, 0.0000000, 6.6783953, 6.6783953, 1.2305669, 0.9187701 
 0.1276047, 0.0000000, 7.4939762, 7.4939762, -1.3567944, 0.6159813 
 0.2020176, 0.0000000, 7.8932062, 7.8932062, -1.2628058, 0.7179184 
 0.0996134, 0.0000000, 8.7700001, 8.7700001, -0.4707138, 0.5671761 
 