26834.8909972, 0.1690113, 0.1138259, 0.1121885, 0.6617872, 36.6307041 
 30432.9783632, 0.0852674, 1.8758746, 1.8690428, 0.2538762, 38.1997165 
 5.3115153, 0.2593950, 7.1242176, 6.8803650, 0.8954512, 2.1347718 
 3.1887540, 0.2718876, 8.4186473, 8.1015086, 1.5493840, 1.8008837 
 4.5585861, 0.1274848, 9.2326133, 9.1572800, 1.4515348, 2.0287197 
 1.1217574, 0.1260273, 10.6937013, 10.6084380, -0.5447968, 1.2712910 
 1.2438196, 0.2524090, 12.3596761, 11.9594777, 0.1401840, 1.3158240 
 0.6450265, 0.1164931, 12.8089694, 12.7217595, 0.1738355, 1.0571530 
 0.3042220, 0.0848649, 13.5317811, 13.4829648, -1.0802775, 0.8228908 
 0.2213489, 0.2689500, 15.7377882, 15.1579160, -0.0157183, 0.7401239 
 0.0851675, 0.1773511, 16.2766966, 16.0186727, -0.8846310, 0.5383152 
 0.1128500, 0.0888342, 16.5467751, 16.4813563, -0.5060233, 0.5912609 
 