2.0915739, 0.0000000, 2.5447091, 2.5447091, -1.3209872, 1.5647191 
 2.5053133, 0.0003823, 3.4713901, 3.4713898, 0.8443405, 1.6617512 
 2.1256075, 0.0000000, 4.3632354, 4.3632354, -1.3877531, 1.5731604 
 1.1050192, 0.0000000, 5.7609123, 5.7609123, 0.4747156, 1.2649361 
 1.0001127, 0.0010335, 6.5122786, 6.5122752, -0.8593267, 1.2235686 
 0.9094285, 0.0000000, 7.4402579, 7.4402579, -0.2079759, 1.1854089 
 0.3962638, 0.0000000, 8.2476385, 8.2476385, 0.9395220, 0.8986835 
 0.1386203, 0.0004499, 8.7831117, 8.7831108, -0.2110961, 0.6332195 
 0.2380206, 0.0000000, 9.4213354, 9.4213354, 0.8716614, 0.7582578 
 0.0598385, 0.0003907, 9.8630268, 9.8630260, 1.4078689, 0.4785627 
 0.1314335, 0.0000000, 10.3021736, 10.3021736, 1.5574259, 0.6220816 
 