2.0915739, 0.0018521, 2.5448288, 2.5448244, 1.0196026, 1.5647191 
 2.5059396, 0.0033173, 3.4703770, 3.4703579, -0.3296456, 1.6618897 
 2.1256075, 0.0047204, 4.3643346, 4.3642860, 0.3987574, 1.5731604 
 1.1050192, 0.0078246, 5.7593798, 5.7592035, 1.3340354, 1.2649361 
 1.0001127, 0.0028673, 6.5125032, 6.5124764, 0.0509208, 1.2235686 
 0.9094285, 0.0087373, 7.4248900, 7.4246066, -0.6592854, 1.1854089 
 0.5323786, 0.0323899, 8.3441478, 8.3397697, -1.3127462, 0.9916357 
 0.2380206, 0.0291260, 9.5626228, 9.5585658, -0.5801943, 0.7582578 
 0.0598385, 0.0731906, 10.3368855, 10.3091617, -0.5810858, 0.4785627 
 0.1314335, 0.0425042, 10.2700058, 10.2607246, 1.5295857, 0.6220816 
 0.0006264, 0.3548947, 6.2685575, 5.8605139, -0.6516761, 0.1046862 
 